Potential (V);ic (A);if (A) 
-0.55;0.0;3.362985063806956e-10
-0.5485000000000001;0.05640148675939418;1.2591348252628425e-06
-0.547;0.10617562412572565;1.2964390781683532e-06
-0.5455000000000001;0.15010114618033338;1.334836092734164e-06
-0.544;0.18886528333793595;1.3743979622784925e-06
-0.5425000000000001;0.22307451431088465;1.415127879673968e-06
-0.541;0.253264054684313;1.4570666370890373e-06
-0.5395000000000001;0.27990623055431596;1.5002502766476415e-06
-0.538;0.30341786823770767;1.5447075520035189e-06
-0.5365000000000001;0.3241668156679921;1.5904913225169113e-06
-0.535;0.3424776975071087;1.6376377177741332e-06
-0.5335000000000001;0.3586369940137217;1.6861730281337226e-06
-0.532;0.3728975231287537;1.7361482487249125e-06
-0.5305000000000001;0.38548239590198685;1.7876141743452153e-06
-0.529;0.3965885071437863;1.8406073419546862e-06
-0.5275000000000001;0.40638961591443434;1.8951635448100883e-06
-0.526;0.4150390640464259;1.951338733309881e-06
-0.5245000000000001;0.42267217523197453;2.0091787968681617e-06
-0.523;0.4294083722103051;2.0687376304198557e-06
-0.5215000000000001;0.4353530451788815;2.1300561216721305e-06
-0.52;0.44059920066052854;2.193201843260797e-06
-0.5185000000000001;0.4452289166235593;2.2582197706900004e-06
-0.517;0.44931462662078037;2.3251553859494172e-06
-0.5155000000000001;0.45292025303818684;2.3940873478693536e-06
-0.514;0.4561022071834253;2.4650530357860253e-06
-0.5125000000000001;0.4589102718607644;2.538120849545237e-06
-0.511;0.4613883802407734;2.61337077364562e-06
-0.5095000000000001;0.4635753032104003;2.690840073216833e-06
-0.508;0.4655052559572871;2.7706113108695877e-06
-0.5065000000000001;0.4672084332785494;2.852744807499e-06
-0.505;0.4687114819891156;2.9373133112052474e-06
-0.5035000000000001;0.4700379178206241;3.0243917212977424e-06
-0.502;0.47120849333340753;3.1140522294675815e-06
-0.5005000000000001;0.4722415225976804;3.2063711110652108e-06
-0.49900000000000005;0.4731531677236804;3.3014235776089495e-06
-0.49750000000000005;0.47395769172363167;3.3993022149271826e-06
-0.49600000000000005;0.4746676816616437;3.500079102065038e-06
-0.49450000000000005;0.47529424558280553;3.6038468852650496e-06
-0.49300000000000005;0.4758471863025021;3.7106866794159516e-06
-0.49150000000000005;0.4763351547749472;3.820697367731777e-06
-0.49000000000000005;0.47676578544043896;3.9339748853030085e-06
-0.48850000000000005;0.4771458156688934;4.05060843108821e-06
-0.48700000000000004;0.47748119116839294;4.170700637189782e-06
-0.48550000000000004;0.477777159007904;4.294356275305659e-06
-0.48400000000000004;0.47803834970953724;4.421677159842611e-06
-0.48250000000000004;0.47826884969471245;4.552778365273514e-06
-0.48100000000000004;0.47847226521767533;4.687765768350802e-06
-0.47950000000000004;0.47865177878662774;4.826756676105922e-06
-0.47800000000000004;0.4788101989552001;4.969867958782562e-06
-0.47650000000000003;0.4789500042632722;5.117227551972991e-06
-0.47500000000000003;0.4790733820146107;5.26896040712538e-06
-0.47350000000000003;0.47918226249801477;5.425190517788099e-06
-0.47200000000000003;0.4792783491873707;5.58605358488695e-06
-0.47050000000000003;0.47936314539310704;5.7516940778573125e-06
-0.46900000000000003;0.4794379777820202;5.922244762782486e-06
-0.4675;0.4795040171334491;6.097856642971989e-06
-0.466;0.4795622966565338;6.27867785872337e-06
-0.4645;0.47961372815514014;6.464861990035846e-06
-0.463;0.47965911629335556;6.656572887153775e-06
-0.4615;0.47969917118474475;6.853970845202048e-06
-0.4600000000000001;0.47973451950232904;7.057226268213783e-06
-0.4585;0.4797657142831087;7.2665102573266126e-06
-0.4570000000000001;0.4797932435805236;7.482009624086348e-06
-0.4555;0.47981753810022265;7.70390068109881e-06
-0.45400000000000007;0.47983897793860675;7.93237637121485e-06
-0.4525;0.4798578985295727;8.167633034075436e-06
-0.45100000000000007;0.4798745958924952;8.409870986416578e-06
-0.44950000000000007;0.4798893312635556;8.659299019479736e-06
-0.44800000000000006;0.4799023351828749;8.916129694913574e-06
-0.44650000000000006;0.4799138111013956;9.180584598879178e-06
-0.44500000000000006;0.47992393856394444;9.45288658561348e-06
-0.44350000000000006;0.4799328760182748;9.733273124246203e-06
-0.44200000000000006;0.4799407632940384;1.0021984828909088e-05
-0.44050000000000006;0.47994772379046957;1.0319265326860845e-05
-0.43900000000000006;0.47995386640701054;1.0625371709767003e-05
-0.43750000000000006;0.4799592872470817;1.0940567391260522e-05
-0.43600000000000005;0.4799640711216539;1.1265120994239508e-05
-0.43450000000000005;0.4799682928761462;1.1599310999275352e-05
-0.43300000000000005;0.47997201856140914;1.1943423909879114e-05
-0.43150000000000005;0.4799753064671137;1.229775639387868e-05
-0.43000000000000005;0.479978208033714;1.2662612203697527e-05
-0.42850000000000005;0.47998076865725137;1.3038303206824561e-05
-0.42700000000000005;0.4799830283995918;1.3425152740577972e-05
-0.42550000000000004;0.47998502261520787;1.3823493847117354e-05
-0.42400000000000004;0.4799867825043121;1.423366605383126e-05
-0.42250000000000004;0.47998833560099546;1.4656024491960565e-05
-0.42100000000000004;0.479989706204008;1.5090931211789124e-05
-0.41950000000000004;0.47999091575692127;1.553875796845466e-05
-0.41800000000000004;0.47999198318362063;1.5999893232652886e-05
-0.41650000000000004;0.47999292518437664;1.6474728783590278e-05
-0.41500000000000004;0.479993756497126;1.6963676604743373e-05
-0.4135000000000001;0.47999449012805245;1.7467155743547342e-05
-0.41200000000000003;0.4799951375550726;1.798559983204461e-05
-0.41050000000000003;0.4799957089074126;1.8519453898837854e-05
-0.40900000000000003;0.4799962131240829;1.9069178739632554e-05
-0.4075000000000001;0.4799966580937327;1.9635246541239336e-05
-0.406;0.47999705077807037;2.0218145214313805e-05
-0.4045;0.47999739732078206;2.0818377327285858e-05
-0.403;0.47999770314365175;2.143645945060904e-05
-0.4015000000000001;0.47999797303138697;2.2072924599795206e-05
-0.4;0.4799982112064774;2.2728319667358705e-05
-0.3985;0.47999842139525695;2.3403212333057965e-05
-0.397;0.4799986068862038;2.4098183335189615e-05
-0.3955000000000001;0.4799987705813899;2.481383253809735e-05
-0.394;0.47999891504188463;2.5550777532167738e-05
-0.39250000000000007;0.47999904252782377;2.630965512612911e-05
-0.391;0.47999915503377016;2.709112068400461e-05
-0.38950000000000007;0.47999925431991936;2.7895848676516e-05
-0.388;0.4799993419396385;2.8724535810208083e-05
-0.38650000000000007;0.47999941926376927;2.9577898218530443e-05
-0.38500000000000006;0.4799994875020752;3.0456673850882494e-05
-0.38350000000000006;0.47999954772216874;3.1361623100735403e-05
-0.382;0.4799996008662148;3.2293530481178276e-05
-0.38050000000000006;0.4799996477656709;3.3253201645632885e-05
-0.37900000000000006;0.47999968915429553;3.424146894388565e-05
-0.37750000000000006;0.4799997256796287;3.525918948573298e-05
-0.376;0.479999757913122;3.6307244931046524e-05
-0.37450000000000006;0.47999978635907997;3.7386546186322506e-05
-0.37300000000000005;0.4799998114625498;3.8498028762176095e-05
-0.37150000000000005;0.4799998336162842;3.964265895116372e-05
-0.37000000000000005;0.47999985316688615;4.082143144623612e-05
-0.36850000000000005;0.47999987042023184;4.203537110477893e-05
-0.36700000000000005;0.47999988564625595;4.328553376669026e-05
-0.36550000000000005;0.4799998990831751;4.457300794040635e-05
-0.36400000000000005;0.4799999109412146;4.589891547266184e-05
-0.36250000000000004;0.4799999214058977;4.726441140103194e-05
-0.36100000000000004;0.47999993064094815;4.867068644106289e-05
-0.35950000000000004;0.47999993879085157;5.0118968572843935e-05
-0.35800000000000004;0.4799999459831161;5.161052141465312e-05
-0.35650000000000004;0.47999995233026727;5.314664897830452e-05
-0.35500000000000004;0.47999995793160855;5.472869419307947e-05
-0.35350000000000004;0.47999996287477487;5.6358041489334346e-05
-0.35200000000000004;0.4799999672371038;5.8036117424124675e-05
-0.35050000000000003;0.47999997108684556;5.976439318523841e-05
-0.3490000000000001;0.47999997448423076;6.154438373871725e-05
-0.34750000000000003;0.4799999774824127;6.337765170441194e-05
-0.34600000000000003;0.479999980128299;6.526580735609606e-05
-0.34450000000000003;0.47999998246328535;6.721051066160918e-05
-0.3430000000000001;0.47999998452390363;6.921347304751054e-05
-0.3415;0.4799999863423929;7.127645815537395e-05
-0.3400000000000001;0.47999998794720405;7.340128555282314e-05
-0.3385;0.4799999893634449;7.558982877619924e-05
-0.3370000000000001;0.4799999906132731;7.784402144461229e-05
-0.3355;0.4799999917162426;8.016585627211088e-05
-0.3340000000000001;0.4799999926896097;8.255738790381995e-05
-0.3325;0.47999999354860323;8.502073514727211e-05
-0.33100000000000007;0.4799999943066623;8.755808286942068e-05
-0.3295;0.4799999949756471;9.01716833365567e-05
-0.32800000000000007;0.47999999556602413;9.286386021759337e-05
-0.3265;0.47999999608703003;9.5637008732972e-05
-0.32500000000000007;0.47999999654681613;9.849359986073713e-05
-0.3235;0.4799999969525759;0.00010143618209381236
-0.32200000000000006;0.4799999973106577;0.00010446738335202844
-0.3205;0.47999999762666373;0.00010758991480150607
-0.31900000000000006;0.4799999979055381;0.00011080657269640073
-0.31750000000000006;0.47999999815164385;0.00011412024187086206
-0.31600000000000006;0.47999999836883145;0.00011753389806201663
-0.3145;0.4799999985604988;0.00012105061109516308
-0.31300000000000006;0.47999999872964466;0.0001246735489504134
-0.31150000000000005;0.4799999988789153;0.00012840597917087627
-0.31000000000000005;0.47999999901064627;0.00013225127420647608
-0.3085;0.4799999991268984;0.00013621291370065442
-0.30700000000000005;0.4799999992294905;0.00014029448865003017
-0.30550000000000005;0.47999999932002774;0.00014449970486118106
-0.30400000000000005;0.4799999993999266;0.00014883238715700166
-0.30250000000000005;0.4799999994704371;0.0001532964833386607
-0.30100000000000005;0.47999999953266237;0.00015789606822611725
-0.29950000000000004;0.47999999958757594;0.00016263534863499411
-0.29800000000000004;0.4799999996360371;0.00016751866700756145
-0.29650000000000004;0.47999999967880386;0.00017255050692459946
-0.29500000000000004;0.4799999997165454;0.00017773549748511134
-0.29350000000000004;0.4799999997498522;0.00018307841888976766
-0.29200000000000004;0.4799999997792453;0.00018858420724953318
-0.29050000000000004;0.47999999980518465;0.0001942579601709894
-0.28900000000000003;0.47999999982807606;0.00020010494281559873
-0.28750000000000003;0.4799999998482777;0.0002061305935374408
-0.28600000000000003;0.47999999986610553;0.00021234052980541174
-0.2845000000000001;0.47999999988183856;0.0002187405551388298
-0.28300000000000003;0.47999999989572284;0.00022533666542491233
-0.28150000000000003;0.4799999999079757;0.00023213505594387373
-0.28;0.4799999999187889;0.00023914212848802097
-0.2785;0.4799999999283314;0.0002463644991168239
-0.2770000000000001;0.4799999999367527;0.0002538090053644948
-0.2755;0.47999999994418446;0.00026148271522180187
-0.274;0.47999999995074294;0.000269392934752557
-0.2725000000000001;0.4799999999565308;0.00027754721730148405
-0.271;0.47999999996163856;0.0002859533726832336
-0.2695000000000001;0.4799999999661462;0.0002946194764925659
-0.26800000000000007;0.4799999999701241;0.00030355388034866904
-0.2665;0.47999999997363463;0.0003127652218246679
-0.26500000000000007;0.4799999999767326;0.0003222624355893426
-0.2635;0.4799999999794666;0.0003320547645072746
-0.262;0.4799999999818793;0.0003421517712801274
-0.26050000000000006;0.47999999998400855;0.0003525633508953899
-0.259;0.4799999999858876;0.00036329974302490927
-0.25750000000000006;0.47999999998754583;0.0003743715456583438
-0.25600000000000006;0.4799999999890093;0.00038578972874864177
-0.2545;0.4799999999903007;0.000397565648708202
-0.25300000000000006;0.4799999999914404;0.0004097110635957853
-0.2515;0.4799999999924462;0.00042223814865171406
-0.25000000000000006;0.4799999999933338;0.00043515951311119206
-0.24850000000000005;0.4799999999941171;0.0004484882170170202
-0.247;0.47999999999480836;0.0004622377893788964
-0.24550000000000005;0.47999999999541837;0.0004764222467739524
-0.24400000000000005;0.4799999999959567;0.0004910561131766487
-0.24250000000000005;0.4799999999964318;0.0005061544400227901
-0.24100000000000005;0.4799999999968511;0.0005217328279279977
-0.2395;0.4799999999972211;0.0005378074489160754
-0.23800000000000004;0.4799999999975476;0.0005543950697934632
-0.23650000000000004;0.47999999999783577;0.0005715130765032556
-0.23500000000000004;0.4799999999980901;0.0005891794998699099
-0.23350000000000004;0.4799999999983145;0.0006074130422228865
-0.23200000000000004;0.4799999999985125;0.0006262331052891239
-0.23050000000000004;0.4799999999986873;0.0006456598196315305
-0.22900000000000004;0.4799999999988416;0.0006657140751286946
-0.22750000000000004;0.4799999999989777;0.0006864175531771686
-0.22600000000000003;0.4799999999990978;0.0007077927600388826
-0.22450000000000003;0.47999999999920384;0.0007298630622112654
-0.22300000000000003;0.4799999999992973;0.0007526527231435765
-0.22150000000000003;0.4799999999993799;0.0007761869416283368
-0.22000000000000008;0.4799999999994528;0.000800491892411021
-0.21850000000000003;0.47999999999951704;0.0008255947683131129
-0.21700000000000003;0.4799999999995738;0.0008515238245032749
-0.21550000000000002;0.4799999999996239;0.00087830842510226
-0.21400000000000002;0.4799999999996681;0.0009059790916456008
-0.21250000000000008;0.4799999999997071;0.0009345675541510414
-0.21100000000000002;0.4799999999997415;0.0009641068045568642
-0.20950000000000002;0.4799999999997719;0.0009946311527569873
-0.20800000000000007;0.4799999999997987;0.0010261762852727813
-0.20650000000000002;0.4799999999998223;0.0010587793269763901
-0.20500000000000007;0.4799999999998432;0.0010924789054787085
-0.20350000000000001;0.47999999999986165;0.0011273152190151268
-0.202;0.4799999999998779;0.0011633301073554298
-0.20050000000000007;0.47999999999989224;0.0012005671263581672
-0.199;0.4799999999999049;0.0012390716260449381
-0.19750000000000006;0.47999999999991605;0.001278890832609002
-0.19600000000000006;0.47999999999992593;0.0013200739342562407
-0.1945;0.47999999999993465;0.0013626721715674713
-0.19300000000000006;0.4799999999999423;0.0014067389318605217
-0.1915;0.4799999999999491;0.0014523298486196524
-0.19000000000000006;0.4799999999999551;0.0014995029054917213
-0.18850000000000006;0.47999999999996035;0.0015483185454701085
-0.187;0.479999999999965;0.001598839785578639
-0.18550000000000005;0.4799999999999691;0.0016511323369072513
-0.18400000000000005;0.4799999999999727;0.0017052647307629271
-0.18250000000000005;0.47999999999997595;0.0017613084509072031
-0.18100000000000005;0.4799999999999788;0.0018193380722165775
-0.1795;0.4799999999999813;0.0018794314061845552
-0.17800000000000005;0.47999999999998344;0.0019416696535135476
-0.17650000000000005;0.4799999999999854;0.002006137564067437
-0.17500000000000004;0.47999999999998716;0.0020729236046433323
-0.17350000000000004;0.47999999999998866;0.002142120134876648
-0.17200000000000004;0.47999999999999;0.0022138235915924406
-0.17050000000000004;0.47999999999999116;0.002288134682034109
-0.16900000000000004;0.4799999999999922;0.0023651585864485703
-0.16750000000000004;0.4799999999999931;0.002445005170205491
-0.16600000000000004;0.47999999999999393;0.002527789206084932
-0.16450000000000004;0.4799999999999946;0.0026136306071093377
-0.16300000000000003;0.47999999999999526;0.0027026546702495413
-0.16150000000000003;0.4799999999999958;0.0027949923316017717
-0.16000000000000003;0.4799999999999963;0.0028907804334057804
-0.15850000000000003;0.4799999999999967;0.002990162003330251
-0.15700000000000003;0.4799999999999971;0.00309328654670204
-0.15550000000000003;0.47999999999999743;0.00320031035178715
-0.15400000000000003;0.47999999999999776;0.0033113968090269213
-0.15250000000000008;0.479999999999998;0.003426716744342413
-0.15100000000000002;0.4799999999999982;0.0035464487672070737
-0.14950000000000002;0.47999999999999843;0.003670779633818001
-0.14800000000000008;0.47999999999999865;0.0037999046259451857
-0.14650000000000002;0.4799999999999988;0.003934027945770609
-0.14500000000000007;0.4799999999999989;0.004073363127234356
-0.14350000000000002;0.4799999999999991;0.004218133464219049
-0.14200000000000002;0.4799999999999992;0.004368572456005217
-0.14050000000000007;0.47999999999999926;0.0045249242702707715
-0.139;0.4799999999999993;0.004687444223916087
-0.13750000000000007;0.47999999999999937;0.004856399281998426
-0.13600000000000007;0.4799999999999995;0.005032068574860772
-0.1345;0.47999999999999954;0.005214743933633306
-0.13300000000000006;0.4799999999999996;0.005404730443996909
-0.1315;0.47999999999999965;0.005602347018229872
-0.13000000000000006;0.47999999999999965;0.005807926985206919
-0.12850000000000006;0.4799999999999997;0.006021818698095106
-0.127;0.47999999999999976;0.006244386159187304
-0.12550000000000006;0.47999999999999976;0.006476009661214831
-0.12400000000000005;0.4799999999999998;0.00671708644428677
-0.12250000000000005;0.4799999999999998;0.006968031367372274
-0.12100000000000005;0.4799999999999998;0.007229277592975317
-0.1195;0.47999999999999987;0.00750127728343544
-0.11800000000000005;0.47999999999999987;0.007784502306919994
-0.11650000000000005;0.47999999999999987;0.008079444950913325
-0.11500000000000005;0.47999999999999987;0.008386618640513677
-0.11350000000000005;0.4799999999999999;0.008706558658593065
-0.11200000000000004;0.4799999999999999;0.009039822864261955
-0.11050000000000004;0.4799999999999999;0.009386992405706288
-0.10900000000000004;0.4799999999999999;0.009748672422822036
-0.10750000000000004;0.4799999999999999;0.010125492734511111
-0.10600000000000004;0.4799999999999999;0.010518108504907975
-0.10450000000000004;0.4799999999999999;0.010927200881925071
-0.10300000000000004;0.4799999999999999;0.011353477600956428
-0.10150000000000003;0.4799999999999999;0.011797673545570833
-0.10000000000000009;0.48;0.012260551256206101
-0.09850000000000003;0.48;0.012742901376962388
-0.09700000000000003;0.48;0.013245543029443942
-0.09550000000000003;0.48;0.013769324101699615
-0.09400000000000003;0.48;0.014315121438944896
-0.09250000000000008;0.48;0.014883840921798877
-0.09100000000000003;0.48;0.015476417416254442
-0.08950000000000002;0.48;0.016093814578516656
-0.08800000000000008;0.48;0.01673702449634252
-0.08650000000000002;0.48;0.017407067147245093
-0.08500000000000008;0.48;0.01810498965244143
-0.08350000000000002;0.48;0.018831865304150628
-0.08200000000000002;0.48;0.019588792342345094
-0.08050000000000007;0.48;0.02037689245586491
-0.07900000000000001;0.48;0.021197308981440063
-0.07750000000000007;0.48;0.022051204773090027
-0.07600000000000007;0.48;0.02293975971333907
-0.07450000000000001;0.48;0.02386416783685125
-0.07300000000000006;0.48;0.02482563403649882
-0.07150000000000001;0.48;0.025825370321598925
-0.07000000000000006;0.48;0.026864591598010794
-0.06850000000000006;0.48;0.027944510940343677
-0.067;0.48;0.02906633432730841
-0.0655;0.48;0.030231254812831728
-0.06400000000000006;0.48;0.03144044610757008
-0.06250000000000006;0.48;0.03269505554829125
-0.061000000000000054;0.48;0.03399619643619684
-0.0595;0.48;0.03534493972970988
-0.057999999999999996;0.48;0.036742305082676924
-0.056500000000000106;0.48;0.03818925122539068
-0.05500000000000005;0.48;0.03968666569334664
-0.05350000000000005;0.48;0.04123535391734788
-0.052000000000000046;0.48;0.04283602769845738
-0.05049999999999999;0.48;0.0444892931022782
-0.049000000000000044;0.48;0.04619563781938015
-0.0475000000000001;0.48;0.047955418052043404
-0.04600000000000004;0.48;0.04976884500195716
-0.044499999999999984;0.48;0.05163597104897701
-0.04300000000000004;0.48;0.053556675727270756
-0.04150000000000009;0.48;0.05553065162200859
-0.040000000000000036;0.48;0.05755739032687552
-0.03850000000000009;0.48;0.059636168619907885
-0.03700000000000003;0.48;0.06176603503190618
-0.035499999999999976;0.48;0.06394579699762934
-0.03400000000000003;0.48;0.06617400879479457
-0.032500000000000084;0.48;0.06844896048871184
-0.031000000000000028;0.48;0.0707686681109742
-0.02949999999999997;0.48;0.07313086530821086
-0.028000000000000025;0.48;0.07553299670097889
-0.02650000000000008;0.48;0.07797221319274918
-0.025000000000000022;0.48;0.08044536946423807
-0.023500000000000076;0.48;0.082949023878436
-0.02200000000000002;0.48;0.08547944100620536
-0.020499999999999963;0.48;0.08803259696094265
-0.019000000000000128;0.48;0.09060418770350974
-0.01750000000000007;0.48;0.09318964044517901
-0.016000000000000014;0.48;0.09578412823703597
-0.014500000000000068;0.48;0.0983825877897133
-0.013000000000000012;0.48;0.10097974051751467
-0.011500000000000066;0.48;0.1035701167473855
-0.010000000000000009;0.48;0.1061480829764573
-0.008500000000000063;0.48;0.10870787200307801
-0.007000000000000006;0.48;0.11124361569730662
-0.005499999999999949;0.48;0.11374938011848022
-0.004000000000000115;0.48;0.1162192026321323
-0.0025000000000000577;0.48;0.11864713062707676
-0.0010000000000000009;0.48;0.12102726138801544
0.0004999999999999449;0.48;0.12335378264107466
0.0020000000000000018;0.48;0.1256210132600981
0.0034999999999999476;0.48;0.12782344360221998
0.004999999999999893;0.48;0.1299557749326588
0.00649999999999995;0.48;0.13201295740134988
0.008000000000000007;0.48;0.13399022604866123
0.009499999999999953;0.48;0.1358831343434591
0.010999999999999899;0.48;0.1376875847939086
0.012499999999999956;0.48;0.139399856218824
0.013999999999999901;0.48;0.14101662732384015
0.015499999999999958;0.48;0.14253499629072885
0.017000000000000015;0.48;0.1439524961580271
0.01849999999999996;0.48;0.14526710584520122
0.019999999999999907;0.48;0.1464772567483554
0.021499999999999964;0.48;0.14758183491144836
0.02300000000000002;0.48;0.14858017885094466
0.024499999999999966;0.48;0.14947207318189037
0.026000000000000023;0.48;0.1502577382580404
0.02749999999999997;0.48;0.15093781609634355
0.028999999999999915;0.48;0.15151335290583393
0.03049999999999997;0.48;0.1519857785815379
0.03200000000000003;0.48;0.15235688355544152
0.033499999999999974;0.48;0.15262879341810318
0.03499999999999992;0.48;0.15280394173652134
0.03649999999999998;0.48;0.15288504149670004
0.03799999999999992;0.48;0.15287505559353792
0.03949999999999998;0.48;0.15277716677704684
0.041000000000000036;0.48;0.15259474744331175
0.04249999999999998;0.48;0.1523313296324527
0.04399999999999993;0.48;0.15199057556472267
0.045499999999999985;0.48;0.1515762490114432
0.04700000000000004;0.48;0.15109218776057592
0.04849999999999999;0.48;0.15054227739848197
0.04999999999999993;0.48;0.14993042659084058
0.05149999999999999;0.48;0.14926054400769245
0.052999999999999936;0.48;0.1485365170008779
0.05449999999999999;0.48;0.14776219210741207
0.05600000000000005;0.48;0.14694135741998907
0.057499999999999885;0.48;0.1460777268365237
0.05899999999999994;0.48;0.1451749261742358
0.0605;0.48;0.14423648111075366
0.061999999999999944;0.48;0.14326580689512997
0.0635;0.48;0.14226619975506724
0.06499999999999995;0.48;0.1412408299134942
0.0665;0.48;0.14019273611742222
0.06799999999999995;0.48;0.13912482157443207
0.0695;0.48;0.13803985118739737
0.07100000000000006;0.48;0.13694044997527433
0.0724999999999999;0.48;0.1358291025673212
0.07399999999999995;0.48;0.13470815365912675
0.07550000000000001;0.48;0.133579809321425
0.07699999999999996;0.48;0.1324461390565505
0.07850000000000001;0.48;0.13130907850198606
0.07999999999999996;0.48;0.13017043268602635
0.0814999999999999;0.48;0.12903187974660482
0.08299999999999996;0.48;0.12789497503060412
0.08450000000000002;0.48;0.12676115549762823
0.08599999999999997;0.48;0.1256317443587856
0.08749999999999991;0.48;0.12450795588759993
0.08899999999999997;0.48;0.12339090034660083
0.09050000000000002;0.48;0.12228158897935039
0.09199999999999997;0.48;0.12118093902357428
0.09350000000000003;0.48;0.12008977870666138
0.09499999999999997;0.48;0.11900885219003758
0.09649999999999992;0.48;0.11793882443382366
0.09799999999999998;0.48;0.11688028595761547
0.09950000000000003;0.48;0.11583375747738858
0.10099999999999998;0.48;0.11479969440223073
0.10249999999999992;0.48;0.11377849117795796
0.10399999999999998;0.48;0.11277048546769024
0.10549999999999993;0.48;0.11177596216212804
0.10699999999999998;0.48;0.11079515721463656
0.10850000000000004;0.48;0.10982826129825841
0.10999999999999988;0.48;0.10887542328363564
0.11149999999999993;0.48;0.10793675353829045
0.11299999999999999;0.48;0.10701232704902683
0.11450000000000005;0.48;0.10610218637037896
0.11599999999999999;0.48;0.10520634440283656
0.11749999999999994;0.48;0.10432478700540708
0.119;0.48;0.10345747544761752
0.12049999999999994;0.48;0.1026043487065429
0.122;0.48;0.10176532561478671
0.12350000000000005;0.48;0.10094030686556267
0.12499999999999989;0.48;0.10012917688122455
0.12649999999999995;0.48;0.0993318055516291
0.128;0.48;0.09854804984874015
0.12949999999999995;0.48;0.09777775532388551
0.131;0.48;0.09702075749392408
0.13249999999999995;0.48;0.09627688312251004
0.1339999999999999;0.48;0.09554595140248544
0.13549999999999995;0.48;0.09482777504522001
0.137;0.48;0.09412216128256548
0.13850000000000007;0.48;0.09342891278685929
0.1399999999999999;0.48;0.09274782851418648
0.14149999999999996;0.48;0.09207870447591117
0.14300000000000002;0.48;0.09142133444321318
0.14449999999999996;0.48;0.09077551058919765
0.14600000000000002;0.48;0.0901410240728502
0.14749999999999996;0.48;0.08951766556892396
0.1489999999999999;0.48;0.08890522574761973
0.15049999999999997;0.48;0.08830349570767922
0.15200000000000002;0.48;0.08771226736632791
0.15349999999999997;0.48;0.08713133380928463
0.15499999999999992;0.48;0.08656048960386131
0.15649999999999997;0.48;0.08599953107798688
0.15799999999999992;0.48;0.08544825656781312
0.15949999999999998;0.48;0.0849064666363909
0.16100000000000003;0.48;0.08437396426572118
0.16249999999999998;0.48;0.08385055502436224
0.16399999999999992;0.48;0.08333604721259998
0.16549999999999998;0.48;0.08283025198705848
0.16700000000000004;0.48;0.08233298346650117
0.16849999999999998;0.48;0.08184405882044482
0.16999999999999993;0.48;0.08136329834208944
0.17149999999999999;0.48;0.08089052550695845
0.17299999999999993;0.48;0.08042556701854904
0.1745;0.48;0.07996825284218893
0.17600000000000005;0.48;0.07951841622819694
0.17749999999999988;0.48;0.07907589372538666
0.17899999999999994;0.48;0.07864052518584715
0.1805;0.48;0.07821215376186744
0.18199999999999994;0.48;0.07779062589582485
0.1835;0.48;0.07737579130375992
0.18499999999999994;0.48;0.07696750295332046
0.1865;0.48;0.07656561703671085
0.18799999999999994;0.48;0.07616999293920286
0.1895;0.48;0.07578049320375091
0.19100000000000006;0.48;0.07539698349217908
0.1924999999999999;0.48;0.07501933254339328
0.19399999999999995;0.48;0.07464741212901564
0.1955;0.48;0.07428109700680471
0.19699999999999995;0.48;0.07392026487221307
0.1985;0.48;0.0735647963083715
0.19999999999999996;0.48;0.0732145747347854
0.2014999999999999;0.48;0.07286948635500153
0.20299999999999996;0.48;0.07252942010346243
0.20450000000000002;0.48;0.07219426759176659
0.20599999999999996;0.48;0.07186392305451865
0.2074999999999999;0.48;0.0715382832949367
0.20899999999999996;0.48;0.07121724763037171
0.21050000000000002;0.48;0.07090071783787391
0.21199999999999997;0.48;0.07058859809993198
0.21350000000000002;0.48;0.07028079495049118
0.21499999999999997;0.48;0.06997721722134534
0.21649999999999991;0.48;0.06967777598899899
0.21799999999999997;0.48;0.06938238452206273
0.21950000000000003;0.48;0.06909095822925791
0.22099999999999997;0.48;0.06880341460808745
0.22249999999999992;0.48;0.06851967319422118
0.22399999999999998;0.48;0.06823965551163969
0.22549999999999992;0.48;0.06796328502357675
0.22699999999999998;0.48;0.06769048708429148
0.22850000000000004;0.48;0.06742118889169035
0.22999999999999998;0.48;0.0671553194408307
0.23149999999999993;0.48;0.0668928094783144
0.23299999999999998;0.48;0.06663359145758752
0.23450000000000004;0.48;0.06637759949515576
0.236;0.48;0.06612476932772336
0.23749999999999993;0.48;0.06587503827025627
0.239;0.48;0.06562834517496983
0.24049999999999994;0.48;0.06538463039124334
0.242;0.48;0.06514383572645534
0.24350000000000005;0.48;0.06490590440773207
0.24499999999999988;0.48;0.06467078104460745
0.24649999999999994;0.48;0.06443841159258164
0.248;0.48;0.06420874331756656
0.24949999999999994;0.48;0.06398172476121597
0.251;0.48;0.06375730570711932
0.25249999999999995;0.48;0.0635354371478481
0.2539999999999999;0.48;0.06331607125284824
0.25549999999999995;0.48;0.06309916133715383
0.257;0.48;0.06288466183091561
0.25850000000000006;0.48;0.06267252824972698
0.2599999999999999;0.48;0.06246271716572911
0.26149999999999995;0.48;0.062255186179485895
0.263;0.48;0.06204989389260329
0.26449999999999996;0.48;0.061846799881089126
0.266;0.48;0.06164586466942763
0.26749999999999996;0.48;0.06144704970535457
0.2689999999999999;0.48;0.061250317335322685
0.27049999999999996;0.48;0.061055630780632246
0.272;0.48;0.06086295411421882
0.27349999999999997;0.48;0.06067225223807731
0.2749999999999999;0.48;0.06048349086130972
0.27649999999999997;0.48;0.06029663647877822
0.2779999999999999;0.48;0.060111656350349846
0.27949999999999997;0.48;0.0599285184807201
0.281;0.48;0.05974719159979307
0.2825;0.48;0.05956764514361301
0.2839999999999999;0.48;0.05938984923582605
0.2855;0.48;0.059213774669659026
0.28700000000000003;0.48;0.059039392890403886
0.2885;0.48;0.05886667597839249
0.2899999999999999;0.48;0.05869559663244861
0.2915;0.48;0.058526128153802065
0.2929999999999999;0.48;0.05835824443045628
0.2945;0.48;0.058191919921994545
0.29600000000000004;0.48;0.058027129644809675
0.2974999999999999;0.48;0.05786384915775179
0.29899999999999993;0.48;0.05770205454817806
0.3005;0.48;0.05754172241838973
0.30199999999999994;0.48;0.05738282987245595
0.3035;0.48;0.057225354503402825
0.30499999999999994;0.48;0.05706927438076074
0.3065;0.48;0.05691456803846391
0.30799999999999994;0.48;0.05676121446308445
0.3095;0.48;0.05660919308239824
0.31100000000000005;0.48;0.05645848375426783
0.3124999999999999;0.48;0.05630906675583723
0.31399999999999995;0.48;0.05616092277302736
0.3155;0.48;0.05601403289032126
0.31699999999999995;0.48;0.055868378580837694
0.3185;0.48;0.05572394169667733
0.31999999999999995;0.48;0.0555807044595355
0.3214999999999999;0.48;0.05543864945157865
0.32299999999999995;0.48;0.055297759606568575
0.3245;0.48;0.05515801820123406
0.32599999999999996;0.48;0.05501940884688008
0.3274999999999999;0.48;0.05488191548122647
0.32899999999999996;0.48;0.05474552236047171
0.3305;0.48;0.054610214051572896
0.33199999999999996;0.48;0.05447597542473848
0.3335;0.48;0.05434279164612505
0.33499999999999996;0.48;0.0542106481707316
0.3364999999999999;0.48;0.05407953073549031
0.33799999999999997;0.48;0.05394942535254107
0.3395;0.48;0.05382031830269065
0.34099999999999997;0.48;0.053692196129047284
0.3424999999999999;0.48;0.05356504563082767
0.344;0.48;0.05343885385732975
0.3454999999999999;0.48;0.053313608102066756
0.347;0.48;0.05318929589706104
0.34850000000000003;0.48;0.05306590500728602
0.34999999999999987;0.48;0.052943423425260025
0.3514999999999999;0.48;0.05282183936578286
0.353;0.48;0.052701141260809464
0.35450000000000004;0.48;0.052581317754463126
0.356;0.48;0.05246235769817758
0.35749999999999993;0.48;0.0523442501459685
0.359;0.48;0.0522269843498275
0.36049999999999993;0.48;0.05211054975523817
0.362;0.48;0.05199493599680982
0.36350000000000005;0.48;0.051880132894022365
0.3649999999999999;0.48;0.05176613044708457
0.36649999999999994;0.48;0.05165291883289928
0.368;0.48;0.05154048840113015
0.36949999999999994;0.48;0.05142882967037373
0.371;0.48;0.05131793332442811
0.37249999999999994;0.48;0.05120779020865599
0.3739999999999999;0.48;0.05109839132644382
0.37549999999999994;0.48;0.050989727835748684
0.377;0.48;0.05088179104573352
0.37850000000000006;0.48;0.05077457241348907
0.3799999999999999;0.48;0.050668063540837194
0.38149999999999995;0.48;0.05056225617121609
0.383;0.48;0.050457142186641483
0.38449999999999995;0.48;0.05035271360474771
0.386;0.48;0.05024896257590019
0.38749999999999996;0.48;0.050145881380379634
0.3889999999999999;0.48;0.05004346242563894
0.39049999999999996;0.48;0.04994169824362487
0.392;0.48;0.04984058148816809
0.39349999999999996;0.48;0.04974010493243724
0.3949999999999999;0.48;0.049640261466454796
0.39649999999999996;0.48;0.04954104409467483
0.3979999999999999;0.48;0.049442445933618476
0.39949999999999997;0.48;0.04934446020956963
0.401;0.48;0.049247080256323246
0.40249999999999997;0.48;0.04915029951299103
0.4039999999999999;0.48;0.04905411152185917
0.40549999999999997;0.48;0.04895850992629655
0.40700000000000003;0.48;0.04886348846871484
0.4085;0.48;0.04876904098857649
0.4099999999999999;0.48;0.048675161420450856
0.4115000000000001;0.48;0.04858184379211584
0.4129999999999999;0.48;0.04848908222270411
0.41449999999999987;0.48;0.04839687092089637
0.41600000000000004;0.48;0.048305204183152164
0.41749999999999987;0.48;0.048214076391985494
0.41900000000000004;0.48;0.0481234820142826
0.4205;0.48;0.04803341559965278
0.42199999999999993;0.48;0.04794387177882479
0.4235;0.48;0.0478548452620758
0.42499999999999993;0.48;0.047766330837697824
0.4265000000000001;0.48;0.047678323370501
0.42799999999999994;0.48;0.04759081780034803
0.4294999999999999;0.48;0.04750380914072752
0.43100000000000005;0.48;0.04741729247735354
0.4324999999999999;0.48;0.047331262966801076
0.43400000000000005;0.48;0.047245715835174035
0.4355;0.48;0.04716064637679698
0.43699999999999983;0.48;0.047076049952943774
0.4385;0.48;0.04699192199059055
0.43999999999999995;0.48;0.046908257981195974
0.4415;0.48;0.046825053479513434
0.44299999999999995;0.48;0.04674230410242353
0.4444999999999999;0.48;0.04666000552779836
0.44599999999999995;0.48;0.046578153493386454
0.4474999999999999;0.48;0.04649674379572421
0.44900000000000007;0.48;0.04641577228907278
0.4504999999999999;0.48;0.04633523488437418
0.45199999999999996;0.48;0.046255127548235665
0.4535;0.48;0.046175446301930045
0.45499999999999985;0.48;0.04609618722042369
0.45650000000000013;0.48;0.046017346431422246
0.45799999999999996;0.48;0.04593892011443508
0.4594999999999998;0.48;0.04586090449986698
0.4610000000000001;0.48;0.04578329586812096
0.4624999999999999;0.48;0.045706090548723856
0.46399999999999997;0.48;0.045629284919474565
0.4655;0.48;0.04555287540560181
0.46699999999999986;0.48;0.04547685847894713
0.4684999999999999;0.48;0.04540123065716239
0.47;0.48;0.04532598850292211
0.47150000000000003;0.48;0.04525112862315709
0.47299999999999986;0.48;0.045176647668298965
0.4744999999999999;0.48;0.045102542331545106
0.476;0.48;0.045028809348134066
0.4774999999999998;0.48;0.04495544549464024
0.4790000000000001;0.48;0.044882447588281554
0.4804999999999999;0.48;0.04480981248623827
0.482;0.48;0.04473753708499352
0.48350000000000004;0.48;0.044665618319677275
0.4849999999999999;0.48;0.04459405316343226
0.48650000000000015;0.48;0.0445228386267886
0.488;0.48;0.04445197175704932
0.4894999999999998;0.48;0.04438144963769524
0.4910000000000001;0.48;0.044311269387793444
0.49249999999999994;0.48;0.044241428161421854
0.494;0.48;0.04417192314710782
0.49550000000000005;0.48;0.04410275156727077
0.4969999999999999;0.48;0.044033910677683086
0.49849999999999994;0.48;0.043965397766937905
0.5;0.48;0.0438972101559265
0.5015000000000001;0.48;0.04382934519732989
0.5029999999999999;0.48;0.04376180027511619
0.5045;0.48;0.043694572804051084
0.506;0.48;0.04362766022921417
0.5074999999999998;0.48;0.0435610600255291
0.5090000000000001;0.48;0.043494769697299804
0.5105;0.48;0.04342878677775417
0.5119999999999998;0.48;0.043363108828602864
0.5135000000000001;0.48;0.043297733439598834
0.5149999999999999;0.48;0.04323265822810869
0.5165;0.48;0.043167880838695785
0.518;0.48;0.043103398942703305
0.5194999999999999;0.48;0.04303921023785213
0.5209999999999999;0.48;0.04297531244784358
0.5225;0.48;0.04291170332196797
0.524;0.48;0.04284838063472447
0.5254999999999999;0.48;0.042785342185443824
0.5269999999999999;0.48;0.04272258579792195
0.5285;0.48;0.04266010932005612
0.53;0.48;0.042597910623492
0.5315000000000001;0.48;0.04253598760327403
0.5329999999999999;0.48;0.04247433817750427
0.5345;0.48;0.04241296028700662
0.536;0.48;0.042351851894995685
0.5374999999999999;0.48;0.042291010986755063
0.5390000000000001;0.48;0.042230435569319075
0.5405;0.48;0.04217012367115833
0.5419999999999998;0.48;0.042110073341877365
0.5435000000000001;0.48;0.042050282651910215
0.5449999999999999;0.48;0.04199074969222463
0.5465;0.48;0.041931472574035185
0.548;0.48;0.04187244942851364
0.5494999999999999;0.48;0.04181367840651118
0.5490000000000002;0.36719702648120256;0.04015867556941976
0.5475000000000002;0.26764875174854597;0.039328456115920174
0.546;0.179797707639324;0.03927368812880495
0.5445000000000001;0.10226943332412397;0.039219155279057616
0.5430000000000003;0.033850971378230676;0.039164853124978846
0.5415000000000001;-0.026528109368630703;0.039110778844605544
0.5400000000000001;-0.07981246110863333;0.03905693016558746
0.5385000000000001;-0.12683573647542035;0.03900330507264831
0.5370000000000001;-0.1683336313359865;0.03894990169387141
0.5355000000000002;-0.2049553950142175;0.038896718247599035
0.5340000000000001;-0.23727398802744595;0.03884375301444036
0.5325000000000002;-0.2657950462575081;0.03879100432115868
0.531;-0.2909647918039764;0.038738470530743724
0.5295000000000002;-0.31317701428757383;0.03868615003595529
0.5280000000000002;-0.33277923182886865;0.03863404125492039
0.5265000000000001;-0.3500781280928532;0.03858214262801828
0.5250000000000001;-0.3653443504639496;0.03853045261559187
0.5235000000000001;-0.37881674442061164;0.0384789696962156
0.5220000000000001;-0.39070609035776366;0.038427692365347516
0.5205000000000002;-0.4011984013210571;0.03837661913425022
0.5190000000000001;-0.4104578332471193;0.03832574852910831
0.5175000000000002;-0.4186292532415609;0.038275079090289085
0.516;-0.42584050607637447;0.03822460937170926
0.5145000000000002;-0.4322044143668509;0.03817433794028719
0.5130000000000002;-0.43782054372152884;0.038124263375452806
0.5115000000000001;-0.44277676048154724;0.03807438426871233
0.5100000000000002;-0.44715060642080073;0.038024699223248346
0.5085000000000001;-0.45101051191457464;0.037975206853550346
0.5070000000000001;-0.4544168665570989;0.0379259057850745
0.5055000000000003;-0.45742296397823123;0.03787679465391744
0.5040000000000001;-0.46007583564124843;0.037827872106511784
0.5025000000000002;-0.46241698666681524;0.037779136799333674
0.5010000000000001;-0.464483045195361;0.03773058739861874
0.49950000000000017;-0.4663063354473608;0.03768222258009207
0.498;-0.4679153834472636;0.03763404102870163
0.4965000000000001;-0.46933536332328746;0.037586041438361674
0.4950000000000002;-0.4705884911656111;0.037538222511697326
0.49350000000000005;-0.4716943726050043;0.037490582959797354
0.49200000000000016;-0.4726703095498945;0.03744312150196978
0.49050000000000005;-0.47353157088087805;0.03739583686549673
0.4890000000000001;-0.47429163133778685;0.03734872778539798
0.4875000000000002;-0.4749623823367859;0.03730179300419043
0.48600000000000004;-0.4755543180158081;0.0372550312716519
0.48450000000000015;-0.4760766994190745;0.03720844134458719
0.483;-0.4765376993894249;0.03716202198658958
0.4815000000000001;-0.47694453043535073;0.037115771967810046
0.4800000000000002;-0.4773035575732555;0.03706969006471889
0.47850000000000004;-0.4776203979104003;0.03702377505987261
0.47700000000000015;-0.4779000085265444;0.03697802574167888
0.47550000000000003;-0.4781467640292214;0.036932440904157336
0.4740000000000001;-0.47836452499602955;0.03688701934670557
0.4725000000000002;-0.4785566983747415;0.03684175987385799
0.4710000000000001;-0.4787262907862141;0.0367966612950462
0.46950000000000014;-0.47887595556404045;0.036751722424358604
0.468;-0.47900803426689825;0.03670694208029446
0.46650000000000014;-0.47912459331306767;0.03666231908552039
0.4650000000000002;-0.47922745631028035;0.03661785226662049
0.4635000000000001;-0.47931823258671113;0.0365735404538472
0.46200000000000013;-0.47939834236948947;0.03652938248086822
0.4605;-0.4794690390046581;0.036485377184509296
0.4590000000000001;-0.4795314285662175;0.03644152340449735
0.4575000000000002;-0.47958648716104735;0.03639781998319631
0.45600000000000007;-0.4796350762004453;0.03635426576534296
0.4545000000000001;-0.47967795587721357;0.03631085959777779
0.453;-0.4797157970591454;0.036267600329170806
0.4515000000000001;-0.47974919178499037;0.036224486809746465
0.4500000000000002;-0.47977866252711127;0.03618151789100078
0.44850000000000007;-0.47980467036574975;0.03613869242541701
0.4470000000000002;-0.4798276222027912;0.03609600926617552
0.4455;-0.47984787712788884;0.0360534672668576
0.4440000000000001;-0.47986575203654963;0.03601106528114738
0.44250000000000017;-0.47988152658807676;0.03596880216252466
0.44100000000000006;-0.4798954475809391;0.03592667676395544
0.43950000000000017;-0.47990773281402105;0.03588468793757549
0.438;-0.47991857449416336;0.03584283453436629
0.4365000000000001;-0.47992814224330776;0.03580111540382926
0.43500000000000016;-0.4799365857522924;0.03575952939364746
0.43350000000000005;-0.47994403712281836;0.03571807534934601
0.43200000000000016;-0.47995061293422747;0.03567675211394304
0.4305;-0.479956416067428;0.035635558527591926
0.4290000000000001;-0.47996153731450275;0.0355944934272208
0.4275000000000002;-0.4799660567991836;0.03555355564615787
0.42600000000000005;-0.4799700452304157;0.03551274401375395
0.42450000000000015;-0.4799735650086242;0.035472057354995055
0.42300000000000004;-0.479976671201991;0.035431494490103174
0.4215000000000001;-0.47997941240801606;0.03539105423413399
0.42000000000000015;-0.4799818315138425;0.03535073539655922
0.4185000000000001;-0.47998396636724133;0.03531053678084309
0.41700000000000015;-0.4799858503687533;0.03527045718400777
0.4155;-0.4799875129942521;0.0352304953961872
0.41400000000000015;-0.4799889802561049;0.03519065020017285
0.4125000000000002;-0.4799902751101453;0.03515092037094398
0.41100000000000003;-0.47999141781482524;0.03511130467519143
0.40950000000000014;-0.47999242624816585;0.03507180187082629
0.40800000000000003;-0.47999331618746544;0.035032410706475205
0.4065000000000001;-0.4799941015561408;0.03499312992096719
0.4050000000000002;-0.4799947946415642;0.034953958242802036
0.4035000000000001;-0.4799954062873035;0.034914894389608674
0.40200000000000014;-0.479995946062774;0.0348759370675884
0.4005;-0.47999642241295476;0.034837084970941505
0.39900000000000013;-0.47999684279051386;0.03479833678128211
0.3975000000000002;-0.47999721377240767;0.0347596911670335
0.3960000000000001;-0.4799975411627799;0.03472114678281066
0.3945000000000002;-0.4799978300837693;0.034682702268783894
0.393;-0.4799980850556475;0.03464435625002433
0.39150000000000007;-0.4799983100675403;0.03460610733583493
0.3900000000000002;-0.47999850863983873;0.0345679541190577
0.38850000000000007;-0.4799986838792771;0.03452989517536632
0.3870000000000001;-0.47999883852753855;0.03449192906253679
0.3855;-0.47999897500415034;0.03445405431969596
0.3840000000000001;-0.4799990954443375;0.0344162694665525
0.3825000000000002;-0.47999920173242966;0.03437857300260136
0.38100000000000006;-0.47999929553134174;0.034340963406309044
0.37950000000000017;-0.4799993783085911;0.034303439134273674
0.378;-0.47999945135925726;0.03426599862035929
0.3765000000000001;-0.4799995158262439;0.03422864027480857
0.3750000000000002;-0.47999957271815996;0.034191362483324376
0.37350000000000005;-0.4799996229250996;0.034154163606128905
0.37200000000000016;-0.47999966723256837;0.0341170419769924
0.37050000000000005;-0.4799997063337723;0.034079995902231694
0.3690000000000001;-0.47999974084046365;0.0340430236596827
0.36750000000000016;-0.4799997712925119;0.03400612349763708
0.3660000000000001;-0.47999979816635013;0.033969293633750515
0.36450000000000016;-0.4799998218824292;0.03393253225391593
0.363;-0.4799998428117954;0.03389583751110168
0.3615000000000001;-0.47999986128189637;0.03385920752415673
0.3600000000000002;-0.4799998775817032;0.033822640376574765
0.35850000000000004;-0.4799998919662323;0.03378613411522415
0.35700000000000015;-0.4799999046605346;0.03374968674903666
0.35550000000000004;-0.47999991586321705;0.03371329624765286
0.3540000000000001;-0.4799999257495497;0.0336769605400302
0.3525000000000002;-0.4799999344742076;0.03364067751300149
0.3510000000000001;-0.47999994217369113;0.033604445009791754
0.34950000000000014;-0.47999994896846154;0.03356826082848672
0.34800000000000003;-0.4799999549648254;0.03353212272045069
0.34650000000000014;-0.47999996025659786;0.03349602838869685
0.3450000000000002;-0.4799999649265707;0.03345997548620155
0.3435;-0.4799999690478073;0.03342396161416714
0.3420000000000002;-0.47999997268478584;0.03338798432022707
0.3405;-0.47999997589440807;0.03335204109659007
0.3390000000000001;-0.4799999787268898;0.03331612937812961
0.3375000000000002;-0.47999998122654614;0.03328024654040269
0.3360000000000001;-0.4799999834324851;0.033244389897609666
0.33450000000000013;-0.47999998537921945;0.03320855670048346
0.333;-0.4799999870972064;0.0331727441341075
0.33150000000000013;-0.47999998861332466;0.033136949315663675
0.3300000000000002;-0.4799999899512943;0.03310116929210104
0.32850000000000007;-0.47999999113204833;0.033065401037729
0.3270000000000002;-0.4799999921740601;0.033029641451727355
0.3255;-0.4799999930936323;0.032993887355570274
0.3240000000000001;-0.47999999390515186;0.03295813549036626
0.32250000000000023;-0.47999999462131543;0.03292238251410108
0.32100000000000006;-0.4799999952533275;0.03288662499879103
0.3195000000000001;-0.4799999958110762;0.032850859427534865
0.31800000000000006;-0.4799999963032877;0.032815082191461904
0.3165000000000001;-0.47999999673766286;0.03277928958657733
0.31500000000000017;-0.4799999971209976;0.03274347781049276
0.31350000000000006;-0.4799999974592893;0.03270764295904407
0.31200000000000017;-0.47999999775783064;0.03267178102278907
0.3105;-0.4799999980212925;0.032635887883378505
0.3090000000000001;-0.47999999825379674;0.03259995930980144
0.3075000000000002;-0.47999999845898106;0.032563990954490835
0.30600000000000005;-0.47999999864005555;0.03252797834929276
0.30450000000000016;-0.4799999987998532;0.03249191690128849
0.30300000000000005;-0.4799999989408742;0.03245580188846171
0.3015000000000001;-0.47999999906532476;0.03241962845521258
0.30000000000000016;-0.479999999175152;0.03238339160770134
0.29850000000000004;-0.4799999992720742;0.03234708620902432
0.29700000000000015;-0.47999999935760773;0.0323107069742092
0.29550000000000004;-0.4799999994330908;0.03227424846502252
0.2940000000000001;-0.4799999994997044;0.03223770508458651
0.2925000000000002;-0.47999999955849065;0.032201071071788746
0.2910000000000001;-0.4799999996103694;0.03216434049548406
0.28950000000000015;-0.4799999996561522;0.032127507248475434
0.28800000000000003;-0.4799999996965554;0.03209056504126251
0.2865000000000001;-0.479999999732211;0.03205350739555518
0.2850000000000002;-0.4799999997636771;0.03201632763753213
0.2835000000000001;-0.47999999979144575;0.031979018890841995
0.28200000000000014;-0.47999999981595154;0.03194157406933109
0.2805;-0.4799999998375778;0.03190398586948479
0.27900000000000014;-0.4799999998566629;0.031866246762575844
0.2775000000000002;-0.47999999987350545;0.03182834898649808
0.2760000000000001;-0.47999999988836894;0.03179028453728018
0.27450000000000013;-0.47999999990148595;0.03175204516025877
0.273;-0.47999999991306164;0.03171362234089732
0.27150000000000013;-0.4799999999232772;0.03167500729523804
0.2700000000000002;-0.4799999999322923;0.0316361909599639
0.26850000000000007;-0.47999999994024817;0.03159716398205996
0.2670000000000002;-0.4799999999472692;0.03155791670805068
0.2655;-0.47999999995346526;0.03151843917279385
0.2640000000000001;-0.4799999999589332;0.031478721087817074
0.2625000000000002;-0.4799999999637587;0.03143875182916399
0.26100000000000007;-0.4799999999680172;0.031398520424741116
0.2595000000000002;-0.4799999999717752;0.03135801554113128
0.258;-0.47999999997509174;0.031317225469852154
0.2565000000000001;-0.4799999999780185;0.031276138113038865
0.25500000000000017;-0.47999999998060144;0.03123474096851232
0.25350000000000006;-0.4799999999828808;0.031193021114217557
0.25200000000000017;-0.47999999998489234;0.031150965191991932
0.2505;-0.47999999998666754;0.03110855939063419
0.2490000000000001;-0.47999999998823417;0.031065789428246393
0.24750000000000022;-0.4799999999896167;0.031022640533803002
0.24600000000000005;-0.47999999999083676;0.03097909742792178
0.24450000000000016;-0.47999999999191345;0.030935144302790835
0.24300000000000005;-0.47999999999286364;0.030890764801209728
0.2415000000000001;-0.4799999999937022;0.030845941994711322
0.2400000000000002;-0.4799999999944422;0.03080065836070634
0.23850000000000005;-0.47999999999509524;0.030754895758614623
0.23700000000000015;-0.47999999999567156;0.030708635404928544
0.23550000000000004;-0.4799999999961802;0.030661857847152807
0.2340000000000001;-0.479999999996629;0.030614542936576377
0.2325000000000002;-0.47999999999702514;0.0305666697998052
0.2310000000000001;-0.4799999999973747;0.030518216809007296
0.22950000000000015;-0.47999999999768317;0.030469161550799356
0.22800000000000004;-0.4799999999979554;0.030419480793707827
0.2265000000000001;-0.47999999999819565;0.03036915045414073
0.2250000000000002;-0.47999999999840764;0.030318145560785745
0.2235000000000001;-0.4799999999985948;0.030266440217367366
0.22200000000000014;-0.47999999999875986;0.03021400756367464
0.22050000000000003;-0.4799999999989056;0.030160819734773716
0.21900000000000014;-0.4799999999990342;0.030106847818321642
0.2175000000000002;-0.47999999999914766;0.030052061809875873
0.21600000000000008;-0.4799999999992478;0.029996430566111516
0.21450000000000014;-0.4799999999993362;0.029939921755833498
0.21300000000000002;-0.4799999999994142;0.029882501808675414
0.21150000000000013;-0.479999999999483;0.02982413586137546
0.2100000000000002;-0.4799999999995438;0.02976478770149863
0.20850000000000007;-0.47999999999959736;0.029704419708489298
0.20700000000000018;-0.4799999999996447;0.02964299279191254
0.20550000000000002;-0.47999999999968646;0.02958046632674642
0.20400000000000013;-0.47999999999972326;0.02951679808558526
0.20250000000000018;-0.4799999999997558;0.029451944167587615
0.20100000000000007;-0.4799999999997845;0.029385858924023227
0.19950000000000018;-0.4799999999998098;0.02931849488023817
0.198;-0.47999999999983217;0.02924980265386544
0.19650000000000012;-0.4799999999998519;0.029179730869103002
0.19500000000000017;-0.47999999999986925;0.029108226066851317
0.19350000000000006;-0.47999999999988463;0.029035232610524566
0.19200000000000017;-0.4799999999998982;0.028960692587312577
0.1905;-0.47999999999991017;0.02888454570467371
0.1890000000000001;-0.4799999999999207;0.028806729181837666
0.18750000000000022;-0.47999999999993004;0.0287271776360601
0.18600000000000005;-0.47999999999993825;0.02864582296339654
0.18450000000000016;-0.47999999999994547;0.028562594213720975
0.18300000000000005;-0.4799999999999519;0.028477417459716388
0.1815000000000001;-0.47999999999995757;0.028390215659565968
0.18000000000000022;-0.4799999999999625;0.028300908513030763
0.17850000000000005;-0.47999999999996695;0.0282094123106243
0.17700000000000016;-0.47999999999997084;0.028115639775557043
0.17550000000000004;-0.4799999999999742;0.028019499898116404
0.1740000000000001;-0.4799999999999773;0.027920897762157348
0.1725000000000002;-0.47999999999997994;0.027819734363327384
0.1710000000000001;-0.4799999999999823;0.027715906418681067
0.16950000000000015;-0.4799999999999844;0.027609306167298158
0.16800000000000004;-0.4799999999999862;0.027499821161514088
0.1665000000000001;-0.4799999999999878;0.0273873340483796
0.1650000000000002;-0.47999999999998927;0.027271722340923114
0.1635000000000001;-0.4799999999999905;0.027152858178814382
0.16200000000000014;-0.4799999999999916;0.02703060807799676
0.16050000000000003;-0.4799999999999926;0.026904832668849073
0.15900000000000014;-0.4799999999999935;0.026775386422454802
0.1575000000000002;-0.47999999999999426;0.026642117364512122
0.15600000000000008;-0.47999999999999493;0.02650486677646106
0.15450000000000014;-0.4799999999999955;0.026363468883362613
0.15300000000000002;-0.47999999999999604;0.026217750528089133
0.15150000000000013;-0.4799999999999965;0.02606753083139412
0.1500000000000002;-0.47999999999999693;0.0259126208374078
0.14850000000000008;-0.47999999999999726;0.025752823144159078
0.14700000000000019;-0.4799999999999976;0.02558793151869912
0.14550000000000002;-0.4799999999999979;0.02541773049644344
0.14400000000000013;-0.4799999999999981;0.02524199496438766
0.14250000000000018;-0.4799999999999983;0.025060489727835436
0.14100000000000007;-0.47999999999999854;0.024872969060386947
0.13950000000000018;-0.4799999999999987;0.024679176236913274
0.138;-0.47999999999999887;0.02447884304933721
0.13650000000000012;-0.479999999999999;0.02427168930511179
0.13500000000000018;-0.4799999999999991;0.024057422308312353
0.13350000000000006;-0.4799999999999992;0.023835736323423222
0.13200000000000017;-0.4799999999999993;0.023606312021923797
0.1305;-0.47999999999999937;0.023368815911938456
0.12900000000000011;-0.4799999999999994;0.023122899751354092
0.12750000000000022;-0.47999999999999954;0.022868199944900965
0.12600000000000006;-0.4799999999999996;0.02260433692594403
0.12450000000000017;-0.4799999999999996;0.022330914523850963
0.12300000000000005;-0.47999999999999965;0.0220475193180416
0.12150000000000011;-0.4799999999999997;0.02175371998009874
0.12000000000000022;-0.4799999999999997;0.02144906660550963
0.11850000000000005;-0.47999999999999976;0.021133090036990283
0.11700000000000016;-0.47999999999999976;0.020805301181618996
0.11550000000000005;-0.4799999999999998;0.0204651903243746
0.1140000000000001;-0.4799999999999998;0.02011222644113535
0.11250000000000021;-0.47999999999999987;0.01974585651454309
0.1110000000000001;-0.47999999999999987;0.01936550485672958
0.10950000000000015;-0.47999999999999987;0.018970572443362452
0.10800000000000004;-0.47999999999999987;0.018560436264072864
0.1065000000000001;-0.4799999999999999;0.018134448695003243
0.1050000000000002;-0.4799999999999999;0.017691936899824148
0.10350000000000009;-0.4799999999999999;0.017232202266403818
0.10200000000000015;-0.4799999999999999;0.016754519887062547
0.10050000000000003;-0.4799999999999999;0.016258138091207568
0.09900000000000014;-0.4799999999999999;0.015742278040140688
0.0975000000000002;-0.4799999999999999;0.015206133394702576
0.09600000000000009;-0.4799999999999999;0.01464887006759892
0.09450000000000014;-0.4799999999999999;0.014069626073247346
0.09300000000000003;-0.48;0.013467511489208552
0.09150000000000014;-0.48;0.012841608544497684
0.09000000000000019;-0.48;0.0121909718512509
0.08850000000000008;-0.48;0.011514628797637217
0.08700000000000019;-0.48;0.010811580121131606
0.08550000000000002;-0.48;0.010080800682650876
0.08400000000000013;-0.48;0.009321240463440907
0.08250000000000018;-0.48;0.008531825807795535
0.08100000000000007;-0.48;0.007711460936142257
0.07950000000000018;-0.48;0.0068590297540746786
0.07800000000000001;-0.48;0.005973397984108373
0.07650000000000012;-0.48;0.005053415647931769
0.07500000000000018;-0.48;0.004097919927590354
0.07350000000000007;-0.48;0.003105738434798176
0.07200000000000017;-0.48;0.0020756929176920097
0.07050000000000001;-0.48;0.0010066034343984974
0.06900000000000012;-0.48;-0.00010270697760691082
0.06750000000000023;-0.48;-0.001253407108416262
0.06600000000000006;-0.48;-0.0024466518321551085
0.06450000000000017;-0.48;-0.0036835757884835403
0.06300000000000006;-0.48;-0.004965286467275662
0.06150000000000011;-0.48;-0.006292856678002162
0.06000000000000022;-0.48;-0.007667316389875431
0.05850000000000005;-0.48;-0.00908964393384492
0.05700000000000016;-0.48;-0.01056075656391717
0.05550000000000005;-0.48;-0.012081500382577263
0.054000000000000103;-0.48;-0.013652639643353169
0.05250000000000021;-0.48;-0.015274845453386924
0.0510000000000001;-0.48;-0.01694868390934673
0.04950000000000021;-0.48;-0.018674603712101254
0.04800000000000004;-0.48;-0.02045292331857145
0.0465000000000001;-0.48;-0.022283817703138437
0.04500000000000015;-0.48;-0.02416730481627958
0.043500000000000094;-0.48;-0.026103231843658745
0.04200000000000015;-0.48;-0.02809126138558137
0.04049999999999998;-0.48;-0.030130857693405136
0.039000000000000146;-0.48;-0.03222127311629371
0.0375000000000002;-0.48;-0.03436153492839549
0.03600000000000003;-0.48;-0.0365504327220441
0.0345000000000002;-0.48;-0.038786506567438865
0.03300000000000003;-0.48;-0.0410680361520005
0.031500000000000083;-0.48;-0.043393031123113865
0.03000000000000025;-0.48;-0.04575922286608939
0.02850000000000008;-0.48;-0.04816405795315242
0.027000000000000135;-0.48;-0.05060469349995298
0.025500000000000078;-0.48;-0.0530779946619196
0.024000000000000132;-0.48;-0.055580534493422776
0.022500000000000187;-0.48;-0.05810859637842839
0.02100000000000013;-0.48;-0.06065817922069974
0.019500000000000184;-0.48;-0.06322500555549698
0.018000000000000016;-0.48;-0.06580453271243512
0.01650000000000007;-0.48;-0.06839196712101625
0.015000000000000235;-0.48;-0.07098228180701531
0.013500000000000068;-0.48;-0.07357023707917991
0.012000000000000122;-0.48;-0.07615040435326645
0.010500000000000065;-0.48;-0.07871719300460933
0.009000000000000119;-0.48;-0.08126488008230431
0.007500000000000173;-0.48;-0.08378764265985607
0.006000000000000116;-0.48;-0.08627959253898938
0.0045000000000001705;-0.48;-0.08873481296803433
0.0030000000000000027;-0.48;-0.09114739698467972
0.0015000000000001679;-0.48;-0.09351148694679744
2.220446049250313e-16;-0.48;-0.09582131477633937
-0.0014999999999999458;-0.48;-0.09807124241052537
-0.0029999999999997806;-0.48;-0.10025580193413058
-0.0044999999999999485;-0.48;-0.1023697348563508
-0.005999999999999894;-0.48;-0.10440802999677937
-0.00749999999999984;-0.48;-0.10636595945817118
-0.008999999999999897;-0.48;-0.10823911218747637
-0.010499999999999843;-0.48;-0.11002342466249448
-0.01200000000000001;-0.48;-0.11171520828710751
-0.013499999999999845;-0.48;-0.11331117313306764
-0.014999999999999791;-0.48;-0.11480844772939965
-0.01649999999999996;-0.48;-0.11620459466916738
-0.017999999999999794;-0.48;-0.11749762187700714
-0.019499999999999962;-0.48;-0.11868598945629232
-0.020999999999999908;-0.48;-0.11976861211062738
-0.022499999999999742;-0.48;-0.12074485720903717
-0.02399999999999991;-0.48;-0.12161453863449763
-0.025499999999999856;-0.48;-0.1223779066212865
-0.026999999999999913;-0.48;-0.1230356338454217
-0.02849999999999986;-0.48;-0.12358879808307305
-0.029999999999999805;-0.48;-0.12403886179431235
-0.03149999999999997;-0.48;-0.12438764902188272
-0.03299999999999981;-0.48;-0.12463732001788846
-0.034499999999999975;-0.48;-0.12479034402464802
-0.03599999999999992;-0.48;-0.12484947063975582
-0.037499999999999756;-0.48;-0.12481770019110826
-0.038999999999999924;-0.48;-0.12469825353444396
-0.04049999999999987;-0.48;-0.12449454166650172
-0.041999999999999926;-0.48;-0.12421013552111441
-0.04349999999999987;-0.48;-0.12384873628468678
-0.04499999999999982;-0.48;-0.12341414653348423
-0.046499999999999875;-0.48;-0.1229102424579757
-0.04799999999999982;-0.48;-0.12234094740120578
-0.04949999999999999;-0.48;-0.12171020689927307
-0.05099999999999982;-0.48;-0.12102196537345253
-0.05249999999999977;-0.48;-0.12028014458649323
-0.05399999999999994;-0.48;-0.1194886239400138
-0.05549999999999988;-0.48;-0.11865122265736014
-0.05699999999999994;-0.48;-0.11777168386603436
-0.058499999999999885;-0.48;-0.1168536605669084
-0.05999999999999983;-0.48;-0.11590070345396186
-0.06149999999999989;-0.48;-0.11491625052782069
-0.06299999999999983;-0.48;-0.11390361842957095
-0.0645;-0.48;-0.11286599540758445
-0.06599999999999984;-0.48;-0.11180643581938218
-0.06749999999999978;-0.48;-0.11072785606292325
-0.06899999999999995;-0.48;-0.10963303182633811
-0.07049999999999979;-0.48;-0.1085245965424853
-0.07199999999999995;-0.48;-0.10740504093386746
-0.0734999999999999;-0.48;-0.10627671353436345
-0.07499999999999984;-0.48;-0.10514182207704298
-0.0764999999999999;-0.48;-0.10400243564074699
-0.07799999999999985;-0.48;-0.10286048745322804
-0.07950000000000002;-0.48;-0.1017177782539412
-0.08099999999999985;-0.48;-0.10057598012579985
-0.0824999999999998;-0.48;-0.09943664071166503
-0.08399999999999996;-0.48;-0.09830118773794204
-0.0854999999999998;-0.48;-0.09717093377452042
-0.08699999999999997;-0.48;-0.0960470811669409
-0.08849999999999991;-0.48;-0.09493072708316057
-0.08999999999999975;-0.48;-0.09382286862382523
-0.09149999999999991;-0.48;-0.09272440795075891
-0.09299999999999986;-0.48;-0.09163615739430542
-0.09449999999999992;-0.48;-0.09055884450546782
-0.09599999999999986;-0.48;-0.08949311702366952
-0.09749999999999981;-0.48;-0.08843954773575055
-0.09899999999999987;-0.48;-0.08739863920582379
-0.10049999999999981;-0.48;-0.08637082835956168
-0.10199999999999998;-0.48;-0.08535649090984712
-0.10349999999999993;-0.48;-0.08435594561382856
-0.10499999999999976;-0.48;-0.08336945835413842
-0.10649999999999993;-0.48;-0.08239724603943091
-0.10799999999999987;-0.48;-0.08143948032150915
-0.10949999999999993;-0.48;-0.08049629112814571
-0.11099999999999988;-0.48;-0.0795677700121966
-0.11249999999999982;-0.48;-0.07865397331905177
-0.11399999999999988;-0.48;-0.07775492517544501
-0.11549999999999983;-0.48;-0.07687062030369696
-0.11699999999999999;-0.48;-0.07600102666612008
-0.11849999999999983;-0.48;-0.07514608794493498
-0.11999999999999977;-0.48;-0.07430572586357587
-0.12149999999999994;-0.48;-0.07347984235547346
-0.12299999999999978;-0.48;-0.07266832158680558
-0.12449999999999994;-0.48;-0.07187103183967018
-0.1259999999999999;-0.48;-0.07108782726244448
-0.12749999999999984;-0.48;-0.07031854949381919
-0.1289999999999999;-0.48;-0.06956302916719927
-0.13049999999999984;-0.48;-0.06882108730193713
-0.132;-0.48;-0.06809253658775359
-0.13349999999999984;-0.48;-0.0673771825685341
-0.1349999999999998;-0.48;-0.0666748247315682
-0.13649999999999995;-0.48;-0.06598525750797396
-0.1379999999999998;-0.48;-0.06530827118994163
-0.13949999999999996;-0.48;-0.06464365277014554
-0.1409999999999999;-0.48;-0.06399118670840244
-0.14249999999999974;-0.48;-0.06335065563058145
-0.1439999999999999;-0.48;-0.06272184096422108
-0.14549999999999985;-0.48;-0.06210452351544452
-0.1469999999999999;-0.48;-0.06149848399123668
-0.14849999999999985;-0.48;-0.060903503471045284
-0.1499999999999998;-0.48;-0.06031936383140355
-0.15149999999999997;-0.48;-0.0597458481271308
-0.1529999999999998;-0.48;-0.05918274093232966
-0.15449999999999997;-0.48;-0.058629828644292836
-0.15599999999999992;-0.48;-0.05808689975317424
-0.15749999999999975;-0.48;-0.05755374508023507
-0.15899999999999992;-0.48;-0.057030157987016133
-0.16049999999999986;-0.48;-0.05651593455794465
-0.16199999999999992;-0.48;-0.05601087375853158
-0.16349999999999987;-0.48;-0.055514777571148054
-0.1649999999999998;-0.48;-0.05502745111032395
-0.16649999999999987;-0.48;-0.05454870271942675
-0.16799999999999982;-0.48;-0.05407834405017157
-0.16949999999999998;-0.48;-0.05361619012668021
-0.17099999999999982;-0.48;-0.05316205939531431
-0.17249999999999976;-0.48;-0.0527157737617987
-0.17399999999999993;-0.48;-0.05227715861668302
-0.17549999999999988;-0.48;-0.05184604285023194
-0.17699999999999994;-0.48;-0.05142225885800158
-0.17849999999999988;-0.48;-0.05100564253771254
-0.17999999999999983;-0.48;-0.050596033278688946
-0.18149999999999988;-0.48;-0.05019327394422368
-0.18299999999999983;-0.48;-0.04979721084807024
-0.1845;-0.48;-0.049407693725351566
-0.18599999999999983;-0.48;-0.04902457569876864
-0.18749999999999978;-0.48;-0.04864771324055691
-0.18899999999999995;-0.48;-0.04827696613071351
-0.19049999999999978;-0.48;-0.047912197412133116
-0.19199999999999995;-0.48;-0.04755327334277843
-0.1934999999999999;-0.48;-0.0472000633456492
-0.19499999999999984;-0.48;-0.04685243995662011
-0.1964999999999999;-0.48;-0.04651027877065714
-0.19799999999999984;-0.48;-0.046173458386699874
-0.1995;-0.48;-0.04584186035126249
-0.20099999999999985;-0.48;-0.0455153691014487
-0.2024999999999998;-0.48;-0.045193871907055774
-0.20399999999999996;-0.48;-0.04487725881252273
-0.2054999999999998;-0.48;-0.04456542257835462
-0.20699999999999996;-0.48;-0.0442582586227492
-0.2084999999999999;-0.48;-0.043955664963088587
-0.20999999999999974;-0.48;-0.04365754215768674
-0.2114999999999999;-0.48;-0.04336379324788738
-0.21299999999999986;-0.48;-0.043074323700644075
-0.2144999999999999;-0.48;-0.042789041351389195
-0.21599999999999986;-0.48;-0.0425078563477652
-0.2174999999999998;-0.48;-0.042230681093867996
-0.21899999999999986;-0.48;-0.04195743019531596
-0.2204999999999998;-0.48;-0.04168802040494235
-0.22199999999999998;-0.48;-0.04142237056955564
-0.22349999999999992;-0.48;-0.04116040157743254
-0.22499999999999976;-0.48;-0.04090203630659101
-0.22649999999999992;-0.48;-0.04064719957442246
-0.22799999999999987;-0.48;-0.04039581808766374
-0.22949999999999993;-0.48;-0.04014782039390997
-0.23099999999999987;-0.48;-0.039903136833849426
-0.23249999999999982;-0.48;-0.0396616994944015
-0.23399999999999987;-0.48;-0.0394234421631185
-0.23549999999999982;-0.48;-0.03918830028338168
-0.237;-0.48;-0.03895621091071847
-0.23849999999999982;-0.48;-0.038727112670006204
-0.23999999999999977;-0.48;-0.03850094571381686
-0.24149999999999994;-0.48;-0.038277651681737496
-0.24299999999999977;-0.48;-0.038057173660371736
-0.24449999999999994;-0.48;-0.0378394561449794
-0.24599999999999989;-0.48;-0.03762444500118669
-0.24749999999999983;-0.48;-0.03741208742856944
-0.2489999999999999;-0.48;-0.03720233192445971
-0.25049999999999983;-0.48;-0.036995128248913656
-0.252;-0.48;-0.036790427390832124
-0.25349999999999984;-0.48;-0.03658818153460176
-0.2549999999999998;-0.48;-0.03638834402775639
-0.25649999999999995;-0.48;-0.03619086934974045
-0.2579999999999998;-0.48;-0.035995713080818705
-0.25949999999999995;-0.48;-0.03580283187279737
-0.2609999999999999;-0.48;-0.035612183419677465
-0.26249999999999973;-0.48;-0.035423726429649756
-0.2639999999999999;-0.48;-0.03523742059745222
-0.26549999999999985;-0.48;-0.035053226577941354
-0.2669999999999999;-0.48;-0.034871105959987075
-0.26849999999999985;-0.48;-0.03469102124128316
-0.2699999999999998;-0.48;-0.03451293580389718
-0.27149999999999974;-0.48;-0.03433681389028215
-0.273;-0.48;-0.034162620580327804
-0.27449999999999997;-0.48;-0.033990321768630226
-0.2759999999999999;-0.48;-0.03381988414277516
-0.27749999999999975;-0.48;-0.033651275161852935
-0.2789999999999997;-0.48;-0.03348446303617403
-0.2805000000000001;-0.48;-0.033319416706775316
-0.2819999999999999;-0.48;-0.03315610582617487
-0.28349999999999986;-0.48;-0.032994500739225434
-0.2849999999999998;-0.48;-0.032834572464945574
-0.28649999999999964;-0.48;-0.032676292678461796
-0.28800000000000003;-0.48;-0.03251963369349531
-0.2895;-0.48;-0.03236456844566444
-0.2909999999999998;-0.48;-0.032211070476056494
-0.29249999999999976;-0.48;-0.032059113915468285
-0.2939999999999997;-0.48;-0.03190867346829741
-0.2955;-0.48;-0.03175972439834738
-0.29699999999999993;-0.48;-0.03161224251322507
-0.2984999999999999;-0.48;-0.03146620415116241
-0.2999999999999998;-0.48;-0.03132158616660452
-0.30149999999999966;-0.48;-0.031178365916944964
-0.30300000000000005;-0.48;-0.03103652124933353
-0.3045;-0.48;-0.030896030488556697
-0.3059999999999998;-0.48;-0.030756872424008857
-0.3074999999999998;-0.48;-0.030619026298219
-0.3089999999999997;-0.48;-0.030482471795323273
-0.3105;-0.48;-0.03034718902971072
-0.31199999999999994;-0.48;-0.03021315853453989
-0.3134999999999999;-0.48;-0.03008036125162539
-0.31499999999999984;-0.48;-0.02994877852124044
-0.31649999999999967;-0.48;-0.029818392072014907
-0.31800000000000006;-0.48;-0.02968918401018807
-0.3195;-0.48;-0.029561136811698068
-0.32099999999999984;-0.48;-0.029434233311424137
-0.3224999999999998;-0.48;-0.029308456695485888
-0.32399999999999973;-0.48;-0.02918379049190839
-0.3255;-0.48;-0.029060218561971045
-0.32699999999999996;-0.48;-0.02893772509206162
-0.3284999999999999;-0.48;-0.028816294586199744
-0.32999999999999974;-0.48;-0.028695911857985177
-0.3314999999999997;-0.48;-0.028576562022033875
-0.3330000000000001;-0.48;-0.028458230488349192
-0.3344999999999999;-0.48;-0.028340902954088476
-0.33599999999999985;-0.48;-0.028224565396434934
-0.3374999999999998;-0.48;-0.02810920406633642
-0.33899999999999975;-0.48;-0.0279948054820496
-0.3405;-0.48;-0.0278813564225217
-0.34199999999999997;-0.48;-0.027768843920327236
-0.3434999999999999;-0.48;-0.02765725525699492
-0.34499999999999975;-0.48;-0.027546577956383045
-0.3464999999999997;-0.48;-0.027436799779363787
-0.3480000000000001;-0.48;-0.027327908717383827
-0.3494999999999999;-0.48;-0.027219892987911408
-0.35099999999999987;-0.48;-0.027112741028543372
-0.3524999999999998;-0.48;-0.02700644149224968
-0.35399999999999965;-0.48;-0.026900983242540203
-0.35550000000000004;-0.48;-0.026796355348056862
-0.357;-0.48;-0.02669254707831841
-0.3584999999999998;-0.48;-0.026589547898557185
-0.35999999999999976;-0.48;-0.02648734746564188
-0.3614999999999997;-0.48;-0.026385935623727118
-0.363;-0.48;-0.026285302399792994
-0.36449999999999994;-0.48;-0.026185437999774942
-0.3659999999999999;-0.48;-0.02608633280407726
-0.3674999999999998;-0.48;-0.02598797736409846
-0.36899999999999966;-0.48;-0.025890362398870756
-0.37050000000000005;-0.48;-0.025793478788493657
-0.372;-0.48;-0.02569731757521553
-0.37349999999999983;-0.48;-0.02560186995618979
-0.3749999999999998;-0.48;-0.02550712728097897
-0.3764999999999997;-0.48;-0.02541308104916405
-0.378;-0.48;-0.025319722905765972
-0.37949999999999995;-0.48;-0.025227044638929132
-0.3809999999999999;-0.48;-0.025135038176154027
-0.38249999999999973;-0.48;-0.02504369558133582
-0.3839999999999997;-0.48;-0.024953009054083517
-0.38550000000000006;-0.48;-0.024862970921824563
-0.3869999999999999;-0.48;-0.024773573642947373
-0.38849999999999985;-0.48;-0.024684809798644118
-0.3899999999999998;-0.48;-0.024596672094460176
-0.39149999999999974;-0.48;-0.02450915335561089
-0.393;-0.48;-0.02442224652501464
-0.39449999999999996;-0.48;-0.024335944660791052
-0.3959999999999999;-0.48;-0.02425024093133411
-0.39749999999999974;-0.48;-0.024165128619474403
-0.3989999999999997;-0.48;-0.024080601112526145
-0.4005000000000001;-0.48;-0.023996651905792407
-0.4019999999999999;-0.48;-0.02391327459673794
-0.40349999999999986;-0.48;-0.02383046288567921
-0.4049999999999998;-0.48;-0.023748210569997732
-0.40649999999999964;-0.48;-0.023666511548082456
-0.40800000000000003;-0.48;-0.023585359810538675
-0.4095;-0.48;-0.023504749442760552
-0.4109999999999998;-0.48;-0.023424674621671925
-0.41249999999999976;-0.48;-0.02334512961317137
-0.4139999999999997;-0.48;-0.023266108772762632
-0.4155;-0.48;-0.0231876065403004
-0.4169999999999999;-0.48;-0.023109617440515328
-0.41849999999999987;-0.48;-0.023032136084211764
-0.4199999999999998;-0.48;-0.022955157158631147
-0.42149999999999965;-0.48;-0.022878675431610214
-0.42300000000000004;-0.48;-0.022802685753584583
-0.4245;-0.48;-0.022727183045039026
-0.4259999999999998;-0.48;-0.02265216230637086
-0.42749999999999977;-0.48;-0.022577618608620172
-0.4289999999999997;-0.48;-0.022503547096387345
-0.4305;-0.48;-0.022429942985106047
-0.43199999999999994;-0.48;-0.02235680155910601
-0.4334999999999999;-0.48;-0.02228411817452319
-0.43499999999999983;-0.48;-0.022211888246235746
-0.43649999999999967;-0.48;-0.022140107263236043
-0.43800000000000006;-0.48;-0.022068770775071654
-0.4395;-0.48;-0.02199787439372314
-0.44099999999999984;-0.48;-0.02192741379275007
-0.4424999999999998;-0.48;-0.021857384711825086
-0.44399999999999973;-0.48;-0.02178778294303484
-0.4455;-0.48;-0.021718604342721905
-0.44699999999999995;-0.48;-0.021649844821437458
-0.4484999999999999;-0.48;-0.021581500351580723
-0.44999999999999973;-0.48;-0.021513566952069678
-0.4514999999999998;-0.48;-0.0214460407024567
-0.45300000000000007;-0.48;-0.021378917737698327
-0.4544999999999999;-0.48;-0.021312194238419
-0.45599999999999996;-0.48;-0.021245866442430653
-0.4574999999999998;-0.48;-0.021179930635943773
-0.45899999999999963;-0.48;-0.021114383156146593
-0.46050000000000013;-0.48;-0.021049220389802628
-0.46199999999999997;-0.48;-0.0209844387671813
-0.4634999999999998;-0.48;-0.02092003477309298
-0.46499999999999986;-0.48;-0.020856004932392758
-0.4664999999999997;-0.48;-0.020792345817524715
-0.46799999999999997;-0.48;-0.020729054046718612
-0.46950000000000003;-0.48;-0.02066612628150375
-0.47099999999999986;-0.48;-0.020603559228290814
-0.4724999999999997;-0.48;-0.02054134963104767
-0.47399999999999975;-0.48;-0.020479494283689
-0.47550000000000003;-0.48;-0.02041799001149001
-0.47699999999999987;-0.48;-0.020356833688320346
-0.4784999999999999;-0.48;-0.02029602222464003
-0.47999999999999976;-0.48;-0.02023555256748079
-0.4814999999999996;-0.48;-0.020175421709849102
-0.4830000000000001;-0.48;-0.02011562667205951
-0.48449999999999993;-0.48;-0.020056164520615084
-0.48599999999999977;-0.48;-0.019997032351000397
-0.4874999999999998;-0.48;-0.019938227303794222
-0.48899999999999966;-0.48;-0.019879746544680815
-0.49049999999999994;-0.48;-0.019821587282237957
-0.492;-0.48;-0.019763746753988527
-0.4934999999999998;-0.48;-0.019706222236417877
-0.4949999999999999;-0.48;-0.019649011030743863
-0.4964999999999997;-0.48;-0.01959211048422556
-0.498;-0.48;-0.019535517953336405
-0.49950000000000006;-0.48;-0.019479230860714323
-0.5009999999999999;-0.48;-0.019423246625093305
-0.5024999999999997;-0.48;-0.019367562717316048
-0.5039999999999998;-0.48;-0.019312176621438557
-0.5055000000000001;-0.48;-0.019257085872005926
-0.5069999999999999;-0.48;-0.019202288021922045
-0.5085;-0.48;-0.019147780651073646
-0.5099999999999998;-0.48;-0.019093561361984073
-0.5114999999999996;-0.48;-0.01903962779621462
-0.5130000000000001;-0.48;-0.018985977629687307
-0.5145;-0.48;-0.01893260854420604
-0.5159999999999998;-0.48;-0.018879518256046925
-0.5174999999999998;-0.48;-0.018826704515153014
-0.5189999999999997;-0.48;-0.018774165092403594
-0.5205;-0.48;-0.018721897767735012
-0.522;-0.48;-0.0186699003893985
-0.5234999999999999;-0.48;-0.018618170785512398
-0.5249999999999997;-0.48;-0.01856670683176842
-0.5264999999999997;-0.48;-0.018515506413977603
-0.528;-0.48;-0.01846456746710023
-0.5294999999999999;-0.48;-0.018413887900960758
-0.5309999999999999;-0.48;-0.018363465700249926
-0.5324999999999998;-0.48;-0.018313298850820437
-0.5339999999999996;-0.48;-0.018263385367090122
-0.5355000000000001;-0.48;-0.018213723243397092
-0.5369999999999999;-0.48;-0.018164310569141136
-0.5384999999999998;-0.48;-0.0181151453933385
-0.5399999999999998;-0.48;-0.018066225827475513
-0.5414999999999996;-0.48;-0.01801754996542083
-0.5429999999999999;-0.48;-0.017969115955342143
-0.5445;-0.48;-0.017920921955978338
-0.5459999999999998;-0.48;-0.017872966123795925
-0.5474999999999999;-0.48;-0.01782524667160966
-0.5489999999999997;-0.48;-0.017777761766930092
