Potential (V);ic (A);if (A) 
-0.55;0.0;3.362985063806956e-10
-0.5475000000000001;0.09400247793232364;2.0989244073405717e-06
-0.545;0.1769593735428761;2.203614610546891e-06
-0.5425000000000001;0.25016857696722233;2.313535528872671e-06
-0.54;0.31477547222989327;2.4289392866414552e-06
-0.5375000000000001;0.3717908571848078;2.5501001987570243e-06
-0.535;0.42210675780718837;2.6773186140656363e-06
-0.5325000000000001;0.46651038425719327;2.8108792436717516e-06
-0.53;0.5056964470628461;2.951103617106835e-06
-0.5275000000000001;0.5402780261133202;3.098325496472849e-06
-0.525;0.570796162511848;3.2528993657754438e-06
-0.5225000000000001;0.5977283233562029;3.415181219813759e-06
-0.52;0.6214958718812562;3.585557617229437e-06
-0.5175000000000001;0.6424706598366448;3.764444256245281e-06
-0.515;0.660980845239644;3.9522498589238794e-06
-0.5125000000000001;0.6773160265240573;4.1494325061898374e-06
-0.51;0.6917317734107099;4.356448858119908e-06
-0.5075000000000001;0.7044536253866243;4.573795478297382e-06
-0.505;0.7156806203505086;4.801990560498796e-06
-0.5025000000000001;0.7255884086314692;5.0415703435000694e-06
-0.5;0.7343320011008809;5.293108017882172e-06
-0.49750000000000005;0.742048194372599;5.557195422787634e-06
-0.49500000000000005;0.7488577110346339;5.834463129231001e-06
-0.49250000000000005;0.7548670883969781;6.12557178700897e-06
-0.49000000000000005;0.7601703453057089;6.431202205954466e-06
-0.48750000000000004;0.7648504531012741;6.752086334904239e-06
-0.48500000000000004;0.7689806337346224;7.0889880982468525e-06
-0.48250000000000004;0.7726255053506672;7.442702434311233e-06
-0.48000000000000004;0.7758420932621453;7.814073788639077e-06
-0.47750000000000004;0.7786807221309157;8.20397690935839e-06
-0.47500000000000003;0.7811858033151928;8.613339833100378e-06
-0.47250000000000003;0.7833965297010402;9.043140015550155e-06
-0.47000000000000003;0.7853474888890126;9.494391455127988e-06
-0.4675;0.7870692043294674;9.968169034512421e-06
-0.465;0.7885886128728007;1.0465595711210714e-05
-0.4625;0.7899294862060529;1.0987853948535475e-05
-0.46;0.7911128027694062;1.1536185703801711e-05
-0.4575;0.7921570759713426;1.2111893143091201e-05
-0.455;0.7930786438375036;1.2716344019963983e-05
-0.4525;0.7938919246249121;1.3350971002652852e-05
-0.45000000000000007;0.7946096424007316;1.4017288975137403e-05
-0.4475;0.7952430261148224;1.4716877105948258e-05
-0.44500000000000006;0.7958019852806549;1.5451396976648143e-05
-0.44250000000000006;0.7962952650131734;1.622260094327705e-05
-0.44000000000000006;0.7967305828492288;1.7032318512013512e-05
-0.43750000000000006;0.7971147494911874;1.788247369660791e-05
-0.43500000000000005;0.7974537753627923;1.8775094743045846e-05
-0.43250000000000005;0.7977529646443796;1.9712299268630084e-05
-0.43000000000000005;0.7980169982586669;2.0696320504339102e-05
-0.42750000000000005;0.7982500071054538;2.17295005562414e-05
-0.42500000000000004;0.7984556366910178;2.281429877575833e-05
-0.4225;0.798637104163358;2.39532972863899e-05
-0.42000000000000004;0.798797248645618;2.5149208527789138e-05
-0.4175;0.7989385756551785;2.640488189255352e-05
-0.41500000000000004;0.799063296303367;2.7723309419888175e-05
-0.41250000000000003;0.799173361889082;2.910763400595279e-05
-0.41000000000000003;0.7992704944275565;3.056115415062483e-05
-0.40750000000000003;0.7993562135919003;3.208733871015176e-05
-0.405;0.799431860488926;3.368982562706004e-05
-0.4025;0.7994986186412413;3.53724402479924e-05
-0.4;0.7995575325038818;3.713919876314308e-05
-0.3975;0.7996095238051812;3.899431977380539e-05
-0.395;0.7996554059675395;4.094223504504524e-05
-0.3925;0.7996958968337045;4.2987598477381084e-05
-0.39;0.799731629897678;4.5135301014282884e-05
-0.38750000000000007;0.7997631642159546;4.739047856179482e-05
-0.385;0.7997909931541587;4.975852686796515e-05
-0.38250000000000006;0.799815552105926;5.2245113970498477e-05
-0.38;0.7998372253047915;5.485619759525951e-05
-0.37750000000000006;0.7998563518356594;5.759803237981258e-05
-0.375;0.7998732309399075;6.047719208713043e-05
-0.37250000000000005;0.7998881266971247;6.35005846661502e-05
-0.37;0.7999012721567307;6.667546617041371e-05
-0.36750000000000005;0.7999128729841161;7.000946232636492e-05
-0.365;0.799923110678351;7.351058566445967e-05
-0.36250000000000004;0.7999321454118029;7.718725712992315e-05
-0.36;0.7999401185360899;8.104832530431623e-05
-0.35750000000000004;0.799947154793577;8.510308925900857e-05
-0.355;0.7999533642690153;8.936132345173671e-05
-0.35250000000000004;0.7999588441118562;9.383330002946943e-05
-0.35000000000000003;0.79996368005619;9.85298170784212e-05
-0.34750000000000003;0.7999679477620857;0.0001034622248412773
-0.345;0.7999717139993198;0.00010864245494027143
-0.3425;0.7999750376920132;0.00011408305105637267
-0.34;0.7999779708405202;0.00011979720100028124
-0.3375;0.7999805593349926;0.000125798770734518
-0.3350000000000001;0.7999828436733467;0.00013210234069617707
-0.3325;0.7999848595948689;0.0001387232433596756
-0.33;0.7999866386393678;0.00014567760337816856
-0.3275;0.7999882086406278;0.00015298237928376303
-0.32500000000000007;0.7999895941618768;0.00016065540926646216
-0.3225;0.7999908168800874;0.00016871545793912824
-0.32;0.7999918959251211;0.00017718226535191217
-0.3175;0.799992848179021;0.00018607660179680992
-0.31500000000000006;0.7999936885401383;0.00019542032156404478
-0.3125;0.7999944301562212;0.00020523642326107888
-0.31;0.7999950846301174;0.00021554911207458723
-0.3075;0.7999956622013036;0.00022638386576913206
-0.30500000000000005;0.7999961719060864;0.0002377675051948268
-0.3025;0.7999966217189783;0.00024972826804995095
-0.30000000000000004;0.7999970186774624;0.00026229588830833104
-0.2975;0.799997368992095;0.0002755016792070099
-0.295;0.7999976781436731;0.0002893786218162716
-0.29250000000000004;0.7999979509689833;0.00030396145954404003
-0.29000000000000004;0.7999981917364745;0.0003192867968773044
-0.28750000000000003;0.7999984042130397;0.00033539320627555346
-0.285;0.7999985917229503;0.0003523213402304222
-0.28250000000000003;0.7999987571998657;0.0003701140507854877
-0.28;0.7999989032327309;0.00038881651678963084
-0.2775;0.7999990321062822;0.00040847637906307933
-0.275;0.7999991458367921;0.0004291438841842259
-0.2725;0.7999992462036146;0.0004508720379488028
-0.27;0.7999993347770248;0.0004737167684916367
-0.2675;0.7999994129427849;0.0004977370996740679
-0.265;0.799999481923826;0.0005229953371144083
-0.2625;0.7999995427993811;0.0005495572653806157
-0.26;0.79999959652187;0.000577492359266344
-0.2575;0.7999996439318;0.0006068740088011618
-0.255;0.7999996857709164;0.0006377797601180375
-0.2525;0.799999722693807;0.0006702915720534522
-0.25;0.7999997552781437;0.0007044960915408907
-0.2475;0.7999997840337199;0.0007404849471780322
-0.245;0.7999998094104267;0.000778355064236359
-0.2425;0.7999998318052919;0.0008182090012820463
-0.24;0.799999851568691;0.0008601553113053797
-0.23750000000000004;0.7999998690098296;0.0009043089282825371
-0.235;0.7999998844015803;0.0009507915819905338
-0.23249999999999998;0.7999998979847527;0.0009997322428975744
-0.22999999999999998;0.7999999099718602;0.0010512675995956095
-0.22750000000000004;0.7999999205504456;0.0011055425713384205
-0.22500000000000003;0.7999999298860143;0.0011627108588542383
-0.22249999999999998;0.7999999381246248;0.0012229355359278018
-0.21999999999999997;0.799999945395173;0.0012863896854743877
-0.21750000000000003;0.7999999518114094;0.0013532570839979152
-0.21500000000000002;0.799999957473718;0.0014237329372839937
-0.21250000000000002;0.7999999624706878;0.0014980246728697562
-0.20999999999999996;0.7999999668804983;0.0015763527928027616
-0.20750000000000002;0.7999999707721424;0.0016589517924018387
-0.20500000000000002;0.7999999742065061;0.0017460711497006662
-0.2025;0.7999999772373215;0.0018379763919503897
-0.2;0.7999999799120068;0.001934950244982279
-0.1975;0.7999999822724082;0.0020372938724304603
-0.195;0.7999999843554552;0.0021453282119471943
-0.1925;0.7999999861937377;0.0022593954162128567
-0.19;0.7999999878160162;0.0023798604071801543
-0.1875;0.7999999892476721;0.0025071125525787806
-0.185;0.7999999905111039;0.0026415674742876673
-0.1825;0.7999999916260786;0.002783668998954931
-0.18;0.7999999926100403;0.0029338912619685125
-0.1775;0.7999999934783835;0.003092740976299581
-0.17500000000000004;0.7999999942446936;0.0032607598791393267
-0.1725;0.79999999492096;0.0034385273691473215
-0.16999999999999998;0.7999999955177629;0.003626663348591816
-0.16749999999999998;0.7999999960444396;0.0038258312849364707
-0.16500000000000004;0.7999999965092303;0.004036741507364334
-0.16250000000000003;0.7999999969194065;0.004260154754202989
-0.15999999999999998;0.7999999972813858;0.004496885987854908
-0.15749999999999997;0.7999999976008314;0.004747808494309686
-0.15500000000000003;0.7999999978827411;0.005013858284414383
-0.15250000000000002;0.7999999981315256;0.005296038814453878
-0.15000000000000002;0.7999999983510772;0.005595426043217099
-0.14749999999999996;0.7999999985448307;0.005913173842229401
-0.14500000000000002;0.7999999987158176;0.006250519775191381
-0.14250000000000002;0.799999998866713;0.0066087912610083635
-0.13999999999999996;0.7999999989998777;0.006989412132972561
-0.1375;0.7999999991173952;0.00739390960391005
-0.135;0.799999999221104;0.0078239216435625
-0.13250000000000006;0.7999999993126267;0.008281204769712223
-0.13;0.7999999993933953;0.008767642248777801
-0.12749999999999995;0.7999999994646732;0.00928525269411756
-0.125;0.7999999995275757;0.009836199041123287
-0.1225;0.7999999995830871;0.010422797867111326
-0.12000000000000005;0.7999999996320756;0.011047529010198278
-0.1175;0.7999999996753079;0.011713045425289692
-0.11499999999999999;0.7999999997134601;0.012422183195615487
-0.11250000000000004;0.7999999997471295;0.013177971595343573
-0.10999999999999999;0.7999999997768427;0.0139836430716046
-0.10750000000000004;0.7999999998030644;0.014842642982772184
-0.10499999999999998;0.7999999998262048;0.015758638893118772
-0.10249999999999998;0.7999999998466263;0.016735529182156192
-0.10000000000000003;0.7999999998646482;0.01777745067887222
-0.09749999999999998;0.7999999998805525;0.018888784977243476
-0.09500000000000003;0.7999999998945879;0.02007416302886197
-0.09250000000000003;0.7999999999069742;0.021338467541851293
-0.08999999999999997;0.799999999917905;0.02268683264231374
-0.08750000000000002;0.7999999999275514;0.024124640176265352
-0.08499999999999996;0.7999999999360643;0.02565751194728062
-0.08250000000000002;0.799999999943577;0.027291297099677966
-0.08000000000000002;0.7999999999502069;0.0290320537715102
-0.07749999999999996;0.7999999999560578;0.030886024058932905
-0.07500000000000001;0.7999999999612211;0.03285960125853
-0.07250000000000001;0.7999999999657778;0.034959288292057696
-0.06999999999999995;0.799999999969799;0.037191646175948716
-0.0675;0.7999999999733477;0.03956323138424612
-0.06499999999999995;0.7999999999764794;0.04208052097806621
-0.0625;0.7999999999792431;0.044749824448645864
-0.06;0.7999999999816821;0.04757718135691634
-0.05749999999999994;0.7999999999838345;0.05056824406343882
-0.05499999999999999;0.799999999985734;0.05372814514205471
-0.05249999999999999;0.7999999999874103;0.05706134947102864
-0.050000000000000044;0.7999999999888897;0.06057149150748329
-0.04749999999999999;0.7999999999901952;0.06426119888154956
-0.04499999999999993;0.7999999999913473;0.06813190419719027
-0.04249999999999998;0.799999999992364;0.07218364779126483
-0.039999999999999925;0.7999999999932612;0.07641487516508005
-0.03749999999999998;0.799999999994053;0.08082223383579892
-0.03500000000000003;0.7999999999947519;0.08540037541740844
-0.03249999999999997;0.7999999999953685;0.0901417697763192
-0.030000000000000027;0.7999999999959128;0.09503653904501663
-0.02749999999999997;0.799999999996393;0.10007232003512768
-0.025000000000000022;0.7999999999968169;0.10523416407650191
-0.022499999999999964;0.799999999997191;0.11050448342606907
-0.019999999999999907;0.7999999999975209;0.11586305304763843
-0.01749999999999996;0.7999999999978122;0.12128707568538288
-0.015000000000000013;0.7999999999980694;0.12675131668740505
-0.012500000000000067;0.7999999999982963;0.13222831296701187
-0.010000000000000009;0.7999999999984965;0.1376886578491629
-0.007499999999999951;0.7999999999986731;0.14310136042228475
-0.0050000000000000044;0.799999999998829;0.1484342745410963
-0.0024999999999999467;0.7999999999989666;0.15365458899539994
0.0;0.7999999999990881;0.15872936680573088
0.0025000000000000577;0.7999999999991951;0.16362611838642957
0.0050000000000000044;0.7999999999992897;0.1683133906886967
0.007499999999999951;0.7999999999993732;0.1727613526365944
0.010000000000000009;0.7999999999994469;0.1769423563827381
0.012499999999999956;0.7999999999995119;0.18083145425205768
0.015000000000000013;0.7999999999995693;0.1844068527362435
0.01750000000000007;0.7999999999996199;0.18765028747855939
0.020000000000000018;0.7999999999996645;0.190547306687399
0.022500000000000075;0.799999999999704;0.19308745459791093
0.025000000000000022;0.7999999999997387;0.19526435117168425
0.02749999999999997;0.7999999999997695;0.1970756688664177
0.030000000000000027;0.7999999999997965;0.1985230117079864
0.03249999999999997;0.7999999999998204;0.19961170577932935
0.03500000000000003;0.7999999999998416;0.20035051338460919
0.03749999999999998;0.7999999999998602;0.20075128540839998
0.040000000000000036;0.7999999999998766;0.20082856770414875
0.04250000000000009;0.7999999999998911;0.20059917772668767
0.04500000000000004;0.7999999999999039;0.20008176715199488
0.04749999999999999;0.7999999999999152;0.1992963850358096
0.050000000000000044;0.7999999999999252;0.19826405431778046
0.05249999999999999;0.799999999999934;0.1970063723596307
0.05500000000000005;0.7999999999999418;0.19554514389210895
0.057499999999999996;0.7999999999999486;0.19390205239725025
0.06000000000000005;0.7999999999999546;0.19209837370498725
0.0625;0.79999999999996;0.19015473353944815
0.06500000000000006;0.7999999999999647;0.18809090898158787
0.06750000000000012;0.7999999999999688;0.18592567235988933
0.07000000000000006;0.7999999999999725;0.1836766749525222
0.07250000000000001;0.7999999999999757;0.1813603670721433
0.07499999999999996;0.7999999999999786;0.1789919505828146
0.07750000000000001;0.7999999999999812;0.17658535963037736
0.08000000000000007;0.7999999999999834;0.17415326531073175
0.08250000000000002;0.7999999999999853;0.17170710011105694
0.08500000000000008;0.799999999999987;0.16925709819472162
0.08750000000000002;0.7999999999999886;0.1668123479230697
0.09000000000000008;0.7999999999999899;0.16438085338312508
0.09250000000000003;0.799999999999991;0.16196960209160066
0.09499999999999997;0.7999999999999922;0.15958463645091775
0.09750000000000003;0.7999999999999932;0.15723112692519667
0.09999999999999998;0.7999999999999939;0.15491344527210998
0.10250000000000004;0.7999999999999946;0.15263523650219568
0.1050000000000001;0.7999999999999953;0.15039948853653806
0.10750000000000004;0.7999999999999958;0.14820859879520776
0.1100000000000001;0.7999999999999963;0.14606443717257786
0.11250000000000004;0.7999999999999967;0.14396840504367325
0.11499999999999999;0.7999999999999972;0.1419214901006605
0.11750000000000005;0.7999999999999975;0.1399243169435839
0.12;0.7999999999999978;0.1379771934482551
0.12250000000000005;0.799999999999998;0.13608015301008367
0.125;0.7999999999999983;0.13423299281908382
0.12750000000000006;0.7999999999999985;0.1324353083615738
0.13000000000000012;0.7999999999999987;0.1306865243708032
0.13250000000000006;0.7999999999999988;0.12898592246479226
0.135;0.7999999999999989;0.1273326657169368
0.13749999999999996;0.799999999999999;0.12572582040558336
0.14;0.7999999999999993;0.12416437518428715
0.14250000000000007;0.7999999999999994;0.1226472579061906
0.14500000000000002;0.7999999999999994;0.1211733503250612
0.14750000000000008;0.7999999999999995;0.11974150088280311
0.15000000000000002;0.7999999999999995;0.11835053577950229
0.15250000000000008;0.7999999999999996;0.11699926850780432
0.15500000000000003;0.7999999999999997;0.11568650801901807
0.15749999999999997;0.7999999999999997;0.11441106567427461
0.16000000000000003;0.7999999999999998;0.11317176112036052
0.16249999999999998;0.7999999999999998;0.11196742721686653
0.16500000000000004;0.7999999999999998;0.11079691412900503
0.1675000000000001;0.7999999999999998;0.10965909268895874
0.17000000000000004;0.7999999999999998;0.10855285711802842
0.1725000000000001;0.7999999999999998;0.10747712719201537
0.17500000000000004;0.7999999999999998;0.10643084992332068
0.1775;0.7999999999999999;0.10541300082508204
0.18000000000000005;0.7999999999999999;0.10442258481522275
0.1825;0.7999999999999999;0.10345863681161761
0.18500000000000005;0.7999999999999999;0.10252022206353482
0.1875;0.7999999999999999;0.101606436259079
0.19000000000000006;0.7999999999999999;0.10071640544354898
0.19250000000000012;0.7999999999999999;0.09984928577924757
0.19500000000000006;0.7999999999999999;0.09900426317346944
0.1975;0.7999999999999999;0.09818055279793127
0.19999999999999996;0.8;0.09737739851988592
0.2025;0.8;0.09659407226247405
0.20500000000000007;0.8;0.09582987330947842
0.20750000000000002;0.8;0.09508412756756654
0.21000000000000008;0.8;0.09435618679724928
0.21250000000000002;0.8;0.09364542782216748
0.21500000000000008;0.8;0.09295125172490976
0.21750000000000003;0.8;0.0922730830362954
0.21999999999999997;0.8;0.0916103689239962
0.22250000000000003;0.8;0.09096257838540332
0.22499999999999998;0.8;0.09032920144882751
0.22750000000000004;0.8;0.08970974838641003
0.2300000000000001;0.8;0.08910374894148129
0.23250000000000004;0.8;0.08851075157258982
0.2350000000000001;0.8;0.08793032271594418
0.23750000000000004;0.8;0.08736204606761308
0.24;0.8;0.08680552188649958
0.24250000000000005;0.8;0.08626036631879255
0.245;0.8;0.08572621074436854
0.24750000000000005;0.8;0.08520270114539742
0.25;0.8;0.08468949749722293
0.25250000000000006;0.8;0.08418627318145508
0.2550000000000001;0.8;0.08369271442106693
0.25750000000000006;0.8;0.0832085197372083
0.26;0.8;0.08273339942734655
0.26249999999999996;0.8;0.08226707506428536
0.265;0.8;0.08180927901556412
0.26750000000000007;0.8;0.0813597539826857
0.27000000000000013;0.8;0.0809182525596048
0.27249999999999996;0.8;0.08048453680987226
0.275;0.8;0.08005837786182915
0.2775000000000001;0.8;0.07963955552122007
0.28;0.8;0.07922785790061355
0.2825000000000001;0.8;0.07882308106499604
0.2849999999999999;0.8;0.07842502869292295
0.2875;0.8;0.07803351175262323
0.29000000000000004;0.8;0.0776483481924447
0.2925000000000001;0.8;0.0772693626450674
0.29500000000000015;0.8;0.07689638614490006
0.2975;0.8;0.07652925585810706
0.30000000000000004;0.8;0.07616781482472515
0.3025;0.8;0.075811911712338
0.30500000000000005;0.8;0.07546140058081496
0.3075000000000001;0.8;0.07511614065760745
0.30999999999999994;0.8;0.07477599612314625
0.3125;0.8;0.0744408359058779
0.31500000000000006;0.8;0.07411053348650144
0.3175000000000001;0.8;0.07378496671099746
0.32000000000000006;0.8;0.07346401761203586
0.3225;0.8;0.07314757223838395
0.32499999999999996;0.8;0.07283552049194524
0.3275;0.8;0.07252775597207453
0.33000000000000007;0.8;0.07222417582683432
0.33250000000000013;0.8;0.07192468061086975
0.33499999999999996;0.8;0.07162917414959148
0.3375;0.8;0.07133756340937925
0.3400000000000001;0.8;0.0710497583735149
0.3425;0.8;0.07076567192359147
0.3450000000000001;0.8;0.07048521972613105
0.3474999999999999;0.8;0.07020832012417243
0.35;0.8;0.06993489403360235
0.35250000000000004;0.8;0.06966486484399681
0.3550000000000001;0.8;0.06939815832377727
0.35750000000000015;0.8;0.06913470252946874
0.36;0.8;0.06887442771887543
0.36250000000000004;0.8;0.0686172662679924
0.365;0.8;0.06836315259147328
0.36750000000000005;0.8;0.06811202306650217
0.3700000000000001;0.8;0.06786381595989727
0.37249999999999994;0.8;0.06761847135831027
0.375;0.8;0.06737593110137252
0.37750000000000006;0.8;0.06713613871765085
0.3800000000000001;0.8;0.06689903936329232
0.38250000000000006;0.8;0.06666457976322694
0.385;0.8;0.0664327081548163
0.38749999999999996;0.8;0.0662033742338352
0.39;0.8;0.0659765291026812
0.39250000000000007;0.8;0.0657521252207109
0.39500000000000013;0.8;0.06553011635660837
0.39749999999999996;0.8;0.06531045754269157
0.4;0.8;0.0650931050310744
0.4025000000000001;0.8;0.0648780162515942
0.405;0.8;0.06466514977143581
0.4075000000000001;0.8;0.06445446525636896
0.41000000000000014;0.8;0.06424592343352882
0.4125;0.8;0.06403948605567612
0.41500000000000004;0.8;0.06383511586686821
0.4175000000000001;0.8;0.06363277656947532
0.42000000000000015;0.8;0.06343243279249451
0.4225000000000001;0.8;0.06323405006109266
0.42500000000000004;0.8;0.06303759476733282
0.4275;0.8;0.06284303414202921
0.43000000000000005;0.8;0.06265033622768476
0.4325000000000001;0.8;0.062459469852461036
0.43500000000000016;0.8;0.06227040460514197
0.4375;0.8;0.06208311081104258
0.44000000000000006;0.8;0.06189755950882866
0.4425000000000001;0.8;0.06171372242820199
0.44500000000000006;0.8;0.06153157196842369
0.4475000000000001;0.8;0.06135108117763089
0.44999999999999996;0.8;0.061172223732920104
0.4525000000000001;0.8;0.060994973921164264
0.45500000000000007;0.8;0.06081930662052752
0.4575;0.8;0.06064519728266057
0.4600000000000002;0.8;0.060472621915533695
0.4624999999999999;0.8;0.06030155706689285
0.4650000000000001;0.8;0.060131979808311795
0.4675;0.8;0.05996386771980509
0.4700000000000002;0.8;0.05979719887499921
0.47250000000000014;0.8;0.05963195182681546
0.4750000000000001;0.8;0.05946810559366841
0.47750000000000004;0.8;0.05930563964613608
0.48;0.8;0.05914453389410167
0.48250000000000015;0.8;0.05898476867433769
0.4850000000000001;0.8;0.058826324738515116
0.48750000000000004;0.8;0.05866918324163073
0.49;0.8;0.05851332573081973
0.49250000000000016;0.8;0.058358734134554606
0.4950000000000001;0.8;0.05820539075220438
0.49750000000000005;0.8;0.05805327824394737
0.5;0.8;0.05790237962101738
0.5025;0.8;0.05775267823627523
0.5050000000000001;0.8;0.05760415777509232
0.5075000000000001;0.8;0.057456802246531435
0.5100000000000002;0.8;0.05731059597481939
0.5125;0.8;0.05716552359109106
0.5150000000000001;0.8;0.05702157002540835
0.5175000000000001;0.8;0.05687872049902491
0.52;0.8;0.056736960516910115
0.5225000000000002;0.8;0.05659627586050165
0.5249999999999999;0.8;0.056456652580690575
0.5275000000000001;0.8;0.0563180769910305
0.53;0.8;0.05618053566115016
0.5325000000000002;0.8;0.05604401541038262
0.5350000000000001;0.8;0.05590850330158115
0.5375000000000001;0.8;0.05577398663513311
0.54;0.8;0.05564045294315239
0.5425;0.8;0.05550788998385005
0.5450000000000002;0.8;0.05537628573607684
0.5475000000000001;0.8;0.05524562839402692
0.55;0.8;0.05511590636210446
0.5475;0.6119950441353501;0.049881979132991375
0.5449999999999999;0.4460812529142435;0.0497658660026706
0.5425;0.2996628460655497;0.04965058134900379
0.5399999999999999;0.1704490555402065;0.049536105012479875
0.5375000000000001;0.056418285630384424;0.04942242347461489
0.535;-0.04421351561437781;0.049309525226420736
0.5325;-0.13302076851438893;0.04919739967422949
0.5299999999999999;-0.2113928941256955;0.049086036748622164
0.5274999999999999;-0.28055605222664415;0.04897542673109986
0.525;-0.34159232502369585;0.04886556016520798
0.5225;-0.3954566467124064;0.048756427805688715
0.52;-0.44299174376251355;0.04864802058669565
0.5175;-0.48494131967329124;0.048540329600366645
0.5149999999999999;-0.5219616904792899;0.048433346081408646
0.5125000000000001;-0.5546320530481145;0.04832706139534489
0.51;-0.5834635468214201;0.048221467029099144
0.5075;-0.6089072507732494;0.048116554583122174
0.5049999999999999;-0.631361240701018;0.0480123157645611
0.5025;-0.6511768172629395;0.04790874238115897
0.5;-0.6686640022017619;0.047805826335667004
0.4975;-0.6840963887451978;0.04770355962062855
0.495;-0.6977154220692683;0.04760193431342646
0.49249999999999994;-0.7097341767939568;0.04750094257152463
0.4899999999999999;-0.7203406906114183;0.04740057662784443
0.48750000000000004;-0.7297009062025481;0.04730082878623581
0.485;-0.737961267469245;0.04720169141700971
0.4825;-0.7452510107013346;0.047103156952505484
0.4799999999999999;-0.7516841865242907;0.047005217882668766
0.4774999999999999;-0.7573614442618316;0.04690786675062632
0.47500000000000003;-0.7623716066303855;0.04681109614823604
0.47250000000000003;-0.7667930594020805;0.046714898711602545
0.47;-0.7706949777780254;0.04661926711654185
0.4674999999999999;-0.7741384086589348;0.04652419407398518
0.4649999999999999;-0.7771772257456014;0.0464296723253086
0.4625;-0.7798589724121057;0.04633569463757886
0.46;-0.7822256055388124;0.046242253798703545
0.45749999999999996;-0.7843141519426852;0.046149342612476295
0.45499999999999996;-0.7861572876750071;0.04605695389350264
0.4524999999999999;-0.7877838492498241;0.0459650804620011
0.45000000000000007;-0.7892192848014633;0.04587371513846373
0.4475;-0.7904860522296447;0.045782850738166014
0.44499999999999995;-0.7916039705613098;0.04569248006551903
0.44249999999999995;-0.7925905300263469;0.04560259590824303
0.4399999999999999;-0.7934611656984576;0.04551319103135868
0.43750000000000006;-0.7942294989823748;0.045424258170979795
0.435;-0.7949075507255846;0.04533579002789187
0.4325;-0.7955059292887593;0.04524777926090914
0.42999999999999994;-0.7960339965173339;0.0451602184799872
0.4274999999999999;-0.7965000142109074;0.04507310023908489
0.42500000000000004;-0.7969112733820357;0.04498641702875304
0.4225;-0.7972742083267159;0.044900161268436364
0.41999999999999993;-0.7975944972912359;0.04481432529847415
0.4174999999999999;-0.7978771513103569;0.044728901371774404
0.4149999999999999;-0.7981265926067341;0.04464388164515004
0.41250000000000003;-0.7983467237781638;0.04455925817029308
0.41000000000000003;-0.7985409888551128;0.044475022884366916
0.4075;-0.7987124271838006;0.04439116760019591
0.4049999999999999;-0.798863720977852;0.04430768399602634
0.40249999999999986;-0.7989972372824825;0.044224563604838195
0.4;-0.7991150650077635;0.04414179780317926
0.39749999999999996;-0.7992190476103626;0.044059377799495224
0.39499999999999996;-0.7993108119350789;0.043977294621930806
0.39249999999999996;-0.7993917936674089;0.04389553910556476
0.3899999999999999;-0.799463259795356;0.04381410187905511
0.38750000000000007;-0.7995263284319091;0.04373297335065698
0.385;-0.7995819863083173;0.04365214369357695
0.38249999999999995;-0.7996311042118521;0.04357160283063289
0.3799999999999999;-0.799674450609583;0.0434913404181712
0.3774999999999999;-0.7997127036713187;0.04341134582920833
0.375;-0.7997464618798148;0.043331608135747796
0.3725;-0.7997762533942495;0.04325211609022886
0.37;-0.7998025443134613;0.04317285810605669
0.36749999999999994;-0.799825745968232;0.04309382223716295
0.3649999999999999;-0.7998462213567018;0.043014996156541495
0.36250000000000004;-0.7998642908236057;0.04293636713370148
0.36;-0.7998802370721797;0.0428579220109757
0.35749999999999993;-0.7998943095871541;0.042779647178621275
0.3549999999999999;-0.7999067285380307;0.04270152854863844
0.3524999999999999;-0.7999176882237126;0.0426235515272396
0.35000000000000003;-0.7999273601123801;0.042545700985887294
0.34750000000000003;-0.7999358955241713;0.04246796123081919
0.345;-0.7999434279986394;0.04239031597097216
0.3424999999999999;-0.7999500753840263;0.04231274828421186
0.33999999999999986;-0.7999559416810404;0.04223524058176782
0.3375;-0.7999611186699851;0.04215777457076932
0.33499999999999996;-0.7999656873466935;0.04208033121476725
0.33249999999999996;-0.7999697191897376;0.04200289069212624
0.32999999999999996;-0.7999732772787357;0.04192543235215171
0.3274999999999999;-0.7999764172812556;0.04184793466882393
0.32500000000000007;-0.7999791883237536;0.04177037519198742
0.3225;-0.799981633760175;0.041692730495841705
0.31999999999999995;-0.7999837918502423;0.0416149761245717
0.3174999999999999;-0.7999856963580422;0.04153708653493276
0.3149999999999999;-0.7999873770802766;0.041459035035608494
0.3125;-0.7999888603124424;0.041380793723134496
0.31;-0.7999901692602347;0.04130233341417189
0.3075;-0.799991324402607;0.0412236235739007
0.30499999999999994;-0.7999923438121727;0.04114463224028034
0.3024999999999999;-0.7999932434379567;0.04106532594391502
0.30000000000000004;-0.7999940373549247;0.04098566962323592
0.2975;-0.7999947379841899;0.04090562653469263
0.295;-0.7999953562873462;0.04082515815762966
0.2924999999999999;-0.7999959019379665;0.04074422409348629
0.28999999999999987;-0.7999963834729489;0.0406627819589487
0.28750000000000003;-0.7999968084260792;0.040580787272639626
0.285;-0.7999971834459005;0.04049819333490885
0.2825;-0.7999975143997313;0.040414951100254025
0.2799999999999999;-0.7999978064654618;0.040331009041856235
0.2774999999999999;-0.7999980642125644;0.040246313007690354
0.275;-0.7999982916735839;0.04016080606761296
0.2725;-0.7999984924072293;0.04007442835079457
0.26999999999999996;-0.7999986695540495;0.039987116872807746
0.2674999999999999;-0.7999988258855696;0.03989880535163014
0.2649999999999999;-0.7999989638476519;0.03980942401176184
0.2625;-0.7999990855987622;0.03971889937559433
0.26;-0.7999991930437399;0.03962715404109577
0.25749999999999995;-0.7999992878636;0.03953410644480682
0.25499999999999995;-0.7999993715418328;0.03943967060905314
0.2524999999999999;-0.799999445387614;0.039343755872198446
0.25;-0.7999995105562873;0.03924626660066341
0.2475;-0.7999995680674395;0.03914710188132786
0.24499999999999994;-0.7999996188208532;0.03904615519282982
0.24249999999999994;-0.7999996636105836;0.038943314054139255
0.23999999999999988;-0.799999703137382;0.038838459648664087
0.23750000000000004;-0.7999997380196592;0.03873146642199368
0.235;-0.7999997688031607;0.0386222016512294
0.23249999999999993;-0.7999997959695054;0.0385105249836902
0.22999999999999993;-0.7999998199437205;0.03839628794258232
0.22749999999999987;-0.7999998411008911;0.038279333397041274
0.22500000000000003;-0.7999998597720286;0.038159494993729115
0.22249999999999998;-0.7999998762492495;0.038036596546935704
0.21999999999999997;-0.7999998907903461;0.03791045138389673
0.21749999999999992;-0.7999999036228186;0.037780861641748514
0.21499999999999986;-0.7999999149474359;0.037647617512272406
0.21250000000000002;-0.7999999249413757;0.037510496430248425
0.20999999999999996;-0.7999999337609965;0.03736926220091191
0.20749999999999996;-0.7999999415442847;0.03722366406164411
0.2049999999999999;-0.7999999484130123;0.03707343567262961
0.2024999999999999;-0.7999999544746431;0.03691829403081601
0.2;-0.7999999598240135;0.03675793830105191
0.1975;-0.7999999645448164;0.03659204855781702
0.19499999999999995;-0.7999999687109103;0.03642028443045759
0.1924999999999999;-0.7999999723874752;0.03624228364430321
0.1899999999999999;-0.7999999756320324;0.03605766044949142
0.1875;-0.7999999784953441;0.035866003928735186
0.185;-0.7999999810222078;0.035666876174654874
0.18249999999999994;-0.7999999832521572;0.03545981032666397
0.17999999999999994;-0.7999999852200805;0.035244308456734805
0.17749999999999988;-0.7999999869567669;0.03501983929270625
0.17500000000000004;-0.7999999884893872;0.03478583576711294
0.1725;-0.7999999898419199;0.03454169237883171
0.16999999999999993;-0.7999999910355258;0.03428676235419006
0.16749999999999993;-0.7999999920888793;0.034020354593513664
0.16499999999999987;-0.7999999930184605;0.03374173038852346
0.16250000000000003;-0.7999999938388129;0.03345009989544045
0.15999999999999998;-0.7999999945627715;0.033144618348218996
0.15749999999999997;-0.7999999952016628;0.03282438199603416
0.15499999999999992;-0.7999999957654822;0.03248842374896364
0.15249999999999986;-0.7999999962630512;0.032135708515909515
0.15000000000000002;-0.7999999967021543;0.031765128219100075
0.14749999999999996;-0.7999999970896613;0.03137549647019975
0.14499999999999996;-0.7999999974316352;0.030965542894143886
0.1424999999999999;-0.799999997733426;0.030533907088383012
0.1399999999999999;-0.7999999979997554;0.030079132207486165
0.1375;-0.7999999982347904;0.02959965816598005
0.135;-0.799999998442208;0.02909381445620923
0.13249999999999995;-0.7999999986252534;0.028559812582942146
0.1299999999999999;-0.7999999987867904;0.027995738122678165
0.1274999999999999;-0.7999999989293463;0.027399542423358757
0.125;-0.7999999990551514;0.026769033969686072
0.1225;-0.799999999166174;0.026101869450808994
0.11999999999999994;-0.7999999992641512;0.02539554458109444
0.11749999999999994;-0.7999999993506157;0.024647384741359152
0.11499999999999988;-0.7999999994269203;0.023854535527769075
0.11250000000000004;-0.799999999494259;0.02301395331896132
0.10999999999999999;-0.7999999995536852;0.022122395999255577
0.10749999999999993;-0.7999999996061286;0.021176414007640778
0.10499999999999993;-0.7999999996524096;0.02017234191878859
0.10249999999999987;-0.7999999996932526;0.019106290804365253
0.10000000000000003;-0.7999999997292964;0.01797414167045277
0.09749999999999998;-0.7999999997611049;0.016771540320443812
0.09499999999999997;-0.7999999997891758;0.01549389405241169
0.09249999999999992;-0.7999999998139483;0.014136370665490863
0.08999999999999986;-0.7999999998358099;0.012693900321163956
0.08750000000000002;-0.7999999998551028;0.011161180881479675
0.08499999999999996;-0.7999999998721287;0.009532687426231616
0.08249999999999996;-0.799999999887154;0.007802686733068921
0.0799999999999999;-0.7999999999004137;0.005965257585785315
0.0774999999999999;-0.7999999999121155;0.004014317853506247
0.07500000000000001;-0.7999999999224422;0.001943659352275275
0.07250000000000001;-0.7999999999315555;-0.00025300844461180943
0.06999999999999995;-0.7999999999395979;-0.002582004747546344
0.0674999999999999;-0.7999999999466954;-0.005049612738670828
0.06499999999999989;-0.7999999999529588;-0.007662002737973738
0.0625;-0.7999999999584863;-0.010425142263821375
0.06;-0.7999999999633642;-0.013344692152352159
0.05749999999999994;-0.7999999999676691;-0.016425888123583553
0.05499999999999994;-0.7999999999714681;-0.01967340749375381
0.05249999999999988;-0.7999999999748206;-0.023091221145118825
0.050000000000000044;-0.7999999999777794;-0.026682431385898667
0.047499999999999765;-0.7999999999803903;-0.030449096970214595
0.04499999999999993;-0.7999999999826946;-0.03439204730072623
0.04250000000000009;-0.799999999984728;-0.038510688698418484
0.039999999999999925;-0.7999999999865225;-0.042802806576331766
0.03749999999999998;-0.7999999999881061;-0.047264368369232077
0.03499999999999981;-0.7999999999895038;-0.05188933310547921
0.03249999999999997;-0.7999999999907371;-0.056669474504420156
0.030000000000000138;-0.7999999999918255;-0.06159422537203041
0.027499999999999858;-0.799999999992786;-0.06665055176535471
0.025000000000000022;-0.7999999999936337;-0.07182286581267577
0.022499999999999853;-0.7999999999943818;-0.07709298611688468
0.019999999999999907;-0.7999999999950419;-0.08244015424647198
0.01750000000000007;-0.7999999999956245;-0.08784111486066334
0.014999999999999902;-0.7999999999961387;-0.09327026547459914
0.012500000000000067;-0.7999999999965924;-0.0986998797401724
0.009999999999999787;-0.7999999999969928;-0.1041004054345941
0.007499999999999951;-0.7999999999973462;-0.10944083520238469
0.0050000000000001155;-0.799999999997658;-0.11468914463326163
0.0024999999999998357;-0.7999999999979331;-0.11981278867101608
0.0;-0.7999999999981761;-0.12477924387318463
-0.0025000000000001688;-0.7999999999983903;-0.1295565809317619
-0.0050000000000000044;-0.7999999999985795;-0.1341140493764563
-0.007499999999999951;-0.7999999999987465;-0.13842265474316964
-0.01000000000000012;-0.7999999999988937;-0.14245570787541426
-0.012499999999999956;-0.7999999999990237;-0.14618932654008776
-0.015000000000000235;-0.7999999999991384;-0.1496028711927721
-0.01750000000000007;-0.7999999999992397;-0.15267929944103595
-0.019999999999999907;-0.799999999999329;-0.1554054273563838
-0.022500000000000075;-0.7999999999994079;-0.1577720900287809
-0.025000000000000022;-0.7999999999994775;-0.1597741983477753
-0.02750000000000019;-0.7999999999995389;-0.16141069361052776
-0.030000000000000027;-0.799999999999593;-0.1626844058916703
-0.03249999999999986;-0.7999999999996409;-0.16360182589201921
-0.03500000000000014;-0.7999999999996831;-0.16417280300125234
-0.03749999999999998;-0.7999999999997204;-0.16441018443047598
-0.04000000000000015;-0.7999999999997532;-0.16432941143889845
-0.04250000000000009;-0.7999999999997822;-0.16394808891786616
-0.04499999999999993;-0.7999999999998078;-0.16328554399568188
-0.0475000000000001;-0.7999999999998304;-0.16236238802493616
-0.050000000000000044;-0.7999999999998503;-0.16120009448281244
-0.05250000000000021;-0.7999999999998679;-0.1598206031346616
-0.05500000000000005;-0.7999999999998835;-0.15824595845991377
-0.057499999999999885;-0.7999999999998971;-0.1564979879770339
-0.060000000000000164;-0.7999999999999092;-0.15459802386143018
-0.0625;-0.7999999999999199;-0.1525666692281685
-0.06500000000000017;-0.7999999999999293;-0.15042360871563012
-0.06750000000000012;-0.7999999999999376;-0.14818746159241977
-0.06999999999999995;-0.799999999999945;-0.14587567452735448
-0.07250000000000012;-0.7999999999999514;-0.14350445039656007
-0.07499999999999996;-0.7999999999999572;-0.14108870902577436
-0.07750000000000024;-0.7999999999999622;-0.13864207554011268
-0.08000000000000007;-0.7999999999999666;-0.13617689197445676
-0.0824999999999999;-0.7999999999999705;-0.1337042479413536
-0.08500000000000019;-0.7999999999999741;-0.13123402641596177
-0.08750000000000002;-0.7999999999999771;-0.12877496104242356
-0.09000000000000019;-0.7999999999999797;-0.12633470175859454
-0.09250000000000003;-0.7999999999999822;-0.12391988594981465
-0.09499999999999997;-0.7999999999999843;-0.12153621275625708
-0.09750000000000014;-0.7999999999999862;-0.11918851855547415
-0.09999999999999998;-0.7999999999999877;-0.11688085201220677
-0.10250000000000026;-0.7999999999999892;-0.11461654742311157
-0.1050000000000001;-0.7999999999999905;-0.11239829538198709
-0.10749999999999993;-0.7999999999999916;-0.11022821004982479
-0.1100000000000001;-0.7999999999999926;-0.10810789253406235
-0.11250000000000004;-0.7999999999999935;-0.10603849006558351
-0.11500000000000021;-0.7999999999999943;-0.10402075081258001
-0.11750000000000005;-0.7999999999999949;-0.10205507429101866
-0.11999999999999988;-0.7999999999999955;-0.10014155742617209
-0.12250000000000016;-0.799999999999996;-0.09828003639130053
-0.125;-0.7999999999999965;-0.0964701244024448
-0.12750000000000017;-0.7999999999999969;-0.0947112456849936
-0.13000000000000012;-0.7999999999999973;-0.09300266585122786
-0.13249999999999995;-0.7999999999999976;-0.09134351894149781
-0.13500000000000012;-0.7999999999999979;-0.08973283138618365
-0.13749999999999996;-0.7999999999999982;-0.08816954314433217
-0.14000000000000024;-0.7999999999999984;-0.08665252626832622
-0.14250000000000007;-0.7999999999999986;-0.08518060113412082
-0.1449999999999999;-0.7999999999999987;-0.0837525505643205
-0.1475000000000002;-0.7999999999999989;-0.08236713205736808
-0.15000000000000002;-0.799999999999999;-0.08102308832156908
-0.1525000000000002;-0.7999999999999992;-0.0797191562974564
-0.15500000000000003;-0.7999999999999993;-0.07845407483697317
-0.15749999999999997;-0.7999999999999994;-0.07722659119337134
-0.16000000000000014;-0.7999999999999994;-0.0760354664615505
-0.16249999999999998;-0.7999999999999995;-0.07487948009530514
-0.16500000000000026;-0.7999999999999996;-0.07375743361517159
-0.1675000000000001;-0.7999999999999996;-0.07266815360930683
-0.16999999999999993;-0.7999999999999997;-0.07161049411852818
-0.1725000000000001;-0.7999999999999997;-0.07058333848713644
-0.17500000000000004;-0.7999999999999997;-0.06958560075206259
-0.1775000000000002;-0.7999999999999998;-0.06861622663429259
-0.18000000000000005;-0.7999999999999998;-0.06767419418964794
-0.18249999999999988;-0.7999999999999998;-0.06675851416889313
-0.18500000000000016;-0.7999999999999998;-0.06586823013116448
-0.1875;-0.7999999999999999;-0.0650024183495975
-0.19000000000000017;-0.7999999999999999;-0.06416018754280173
-0.19250000000000012;-0.7999999999999999;-0.06334067846194023
-0.19499999999999995;-0.7999999999999999;-0.06254306335899353
-0.19750000000000012;-0.7999999999999999;-0.06176654535873418
-0.19999999999999996;-0.7999999999999999;-0.06101035775374567
-0.20250000000000024;-0.7999999999999999;-0.06027376323913617
-0.20500000000000007;-0.7999999999999999;-0.059556053101525355
-0.2074999999999999;-0.7999999999999999;-0.05885654637452637
-0.2100000000000002;-0.8;-0.05817458897139736
-0.21250000000000002;-0.8;-0.05750955280367783
-0.2150000000000002;-0.8;-0.05686083489375499
-0.21750000000000003;-0.8;-0.05622785648725649
-0.21999999999999997;-0.8;-0.05561006217117512
-0.22250000000000014;-0.8;-0.055006919001776566
-0.22499999999999998;-0.8;-0.05441791564613025
-0.22750000000000026;-0.8;-0.053842561540098595
-0.2300000000000001;-0.8;-0.05328038606540651
-0.23249999999999993;-0.8;-0.052730937747180344
-0.2350000000000001;-0.8;-0.052193783474118634
-0.23750000000000004;-0.8;-0.05166850774161408
-0.2400000000000002;-0.8;-0.051154711918711744
-0.24250000000000005;-0.8;-0.05065201354012797
-0.24499999999999988;-0.8;-0.05016004562236723
-0.24750000000000016;-0.8;-0.04967845600458623
-0.25;-0.8;-0.04920690671464083
-0.25250000000000017;-0.8;-0.04874507335880996
-0.2550000000000001;-0.8;-0.04829264453564285
-0.25749999999999995;-0.8;-0.04784932127390391
-0.2600000000000001;-0.8;-0.04741481649239562
-0.26249999999999996;-0.8;-0.04698885448361379
-0.26500000000000024;-0.8;-0.04657117041771275
-0.26750000000000007;-0.8;-0.04616150986898422
-0.27000000000000024;-0.8;-0.045759628361585966
-0.2725000000000002;-0.8;-0.04536529093589717
-0.275;-0.8;-0.044978271733686355
-0.2775000000000002;-0.8;-0.04459835360141692
-0.28;-0.8;-0.044225327710986785
-0.2825000000000003;-0.8;-0.043858993198800884
-0.28500000000000014;-0.8;-0.0434991568191542
-0.2875;-0.8;-0.0431456326146422
-0.29000000000000026;-0.8;-0.042798241601162815
-0.2925000000000001;-0.8;-0.04245681146703131
-0.29500000000000026;-0.8;-0.04212117628559194
-0.2975000000000001;-0.8;-0.04179117624246252
-0.30000000000000004;-0.8;-0.04146665737243264
-0.3025000000000002;-0.8;-0.04114747131146816
-0.30500000000000005;-0.8;-0.04083347505765831
-0.30750000000000033;-0.8;-0.04052453074494595
-0.31000000000000016;-0.8;-0.0402205054257138
-0.3125;-0.8;-0.039921270864152786
-0.31500000000000017;-0.8;-0.03962670333908128
-0.3175000000000001;-0.8;-0.03933668345563545
-0.3200000000000003;-0.8;-0.03905109596475502
-0.3225000000000001;-0.8;-0.03876982959314983
-0.32499999999999996;-0.8;-0.03849277687800327
-0.32750000000000024;-0.8;-0.03821983401169272
-0.33000000000000007;-0.8;-0.037950900692088
-0.33250000000000024;-0.8;-0.03768587998004536
-0.3350000000000002;-0.8;-0.0374246781640736
-0.3375;-0.8;-0.03716720462897246
-0.3400000000000002;-0.8;-0.036913371734003754
-0.3425;-0.8;-0.03666309469155706
-0.3450000000000003;-0.8;-0.03641629145668155
-0.34750000000000014;-0.8;-0.03617288261690392
-0.35;-0.8;-0.03593279128991672
-0.35250000000000026;-0.8;-0.035695943024290036
-0.3550000000000001;-0.8;-0.03546226570510139
-0.35750000000000026;-0.8;-0.03523168946417849
-0.3600000000000001;-0.8;-0.03500414659235559
-0.36250000000000004;-0.8;-0.034779571459348194
-0.3650000000000002;-0.8;-0.03455790043192097
-0.36750000000000005;-0.8;-0.03433907179973612
-0.37000000000000033;-0.8;-0.03412302570423992
-0.37250000000000016;-0.8;-0.033909704066688806
-0.375;-0.8;-0.03369905052472484
-0.37750000000000017;-0.8;-0.0334910103665883
-0.3800000000000001;-0.8;-0.03328553047304753
-0.3825000000000003;-0.8;-0.033082559256555934
-0.3850000000000001;-0.8;-0.032882046607359064
-0.38749999999999996;-0.8;-0.032683943839007044
-0.39000000000000024;-0.8;-0.03248820363899837
-0.39250000000000007;-0.8;-0.032294780016844105
-0.39500000000000024;-0.8;-0.032103628261335886
-0.3975000000000002;-0.8;-0.03191470489031372
-0.4;-0.8;-0.031727967612502746
-0.4025000000000002;-0.8;-0.03154337528295087
-0.405;-0.8;-0.031360887863412484
-0.4075000000000003;-0.8;-0.03118046638770426
-0.41000000000000014;-0.8;-0.031002072918649457
-0.4125;-0.8;-0.03082567052045248
-0.41500000000000026;-0.8;-0.030651223218595064
-0.4175000000000001;-0.8;-0.030478695972330768
-0.42000000000000026;-0.8;-0.030308054640086228
-0.4225000000000001;-0.8;-0.030139265952440198
-0.42500000000000004;-0.8;-0.02997229748055005
-0.4275000000000002;-0.8;-0.029807117610950746
-0.43000000000000005;-0.8;-0.029643695518340923
-0.43250000000000033;-0.8;-0.0294820011382831
-0.43500000000000016;-0.8;-0.02932200514738879
-0.4375;-0.8;-0.029163678935071907
-0.44000000000000017;-0.8;-0.029006994582567943
-0.4425000000000001;-0.8;-0.028851924841196374
-0.4450000000000003;-0.8;-0.028698443110861515
-0.4475000000000001;-0.8;-0.028546523423872126
-0.44999999999999996;-0.8;-0.028396140416061325
-0.4525000000000001;-0.8;-0.02824726931702253
-0.45500000000000007;-0.8;-0.028099885934874204
-0.45750000000000024;-0.8;-0.027953966620501952
-0.4600000000000002;-0.8;-0.027809488276473764
-0.4624999999999999;-0.8;-0.027666428318412317
-0.4650000000000003;-0.8;-0.02752476467596763
-0.4675;-0.8;-0.0273844757644467
-0.4700000000000002;-0.8;-0.027245540484770403
-0.47250000000000014;-0.8;-0.027107938191152283
-0.4750000000000001;-0.8;-0.0269716487020887
-0.47750000000000026;-0.8;-0.02683665225399479
-0.48;-0.8;-0.026702929531103682
-0.4825000000000004;-0.8;-0.026570461612374956
-0.4850000000000001;-0.8;-0.026439229983404602
-0.48750000000000004;-0.8;-0.02630921652533338
-0.4900000000000002;-0.8;-0.026180403494790103
-0.49250000000000016;-0.8;-0.026052773510190256
-0.49500000000000033;-0.8;-0.025926309557775914
-0.49750000000000005;-0.8;-0.025800994966534513
-0.5;-0.8;-0.02567681341462326
-0.5025000000000002;-0.8;-0.025553748895527854
-0.5050000000000001;-0.8;-0.02543178574133037
-0.5075000000000003;-0.8;-0.025310908575328913
-0.5100000000000002;-0.8;-0.02519110234028842
-0.5125;-0.8;-0.025072352271573884
-0.5150000000000001;-0.8;-0.02495464389979102
-0.5175000000000001;-0.8;-0.02483796302997884
-0.5200000000000002;-0.8;-0.02472229573694501
-0.5225000000000002;-0.8;-0.024607628366312785
-0.5249999999999999;-0.8;-0.024493947536837046
-0.5275000000000003;-0.8;-0.024381240098703766
-0.53;-0.8;-0.02426949316811102
-0.5325000000000002;-0.8;-0.02415869408914511
-0.5350000000000001;-0.8;-0.024048830447320646
-0.5375000000000001;-0.8;-0.023939890052697352
-0.5400000000000003;-0.8;-0.023831860949905165
-0.5425;-0.8;-0.023724731397206374
-0.5450000000000004;-0.8;-0.023618489845848877
-0.5475000000000001;-0.8;-0.02351312499733862
