Potential (V);Current (A)
-0.55;3.362985063806956e-10
-0.5477987987987989;0.07967055327276089
-0.5455975975975977;0.1472444615676219
-0.5433963963963965;0.20263255085356807
-0.5411951951951952;0.2493369374760911
-0.5389939939939941;0.28783909905424704
-0.5367927927927929;0.3201183023787934
-0.5345915915915916;0.34687907673782264
-0.5323903903903905;0.36918779725151124
-0.5301891891891892;0.38778546079007326
-0.5279879879879881;0.40320294443010474
-0.5257867867867868;0.41612601038179275
-0.5235855855855857;0.4267806711286222
-0.5213843843843845;0.43575953843250803
-0.5191831831831832;0.4431225158379887
-0.516981981981982;0.4493602634320146
-0.5147807807807808;0.4544483628694123
-0.5125795795795797;0.45876382970084006
-0.5103783783783784;0.4622973181177688
-0.5081771771771771;0.46528005475965034
-0.505975975975976;0.46773640465638533
-0.5037747747747748;0.4697979455231411
-0.5015735735735736;0.4715053076154827
-0.4993723723723724;0.47293013124509614
-0.4971711711711712;0.4741167565579416
-0.49496996996997;0.475101506099721
-0.4927687687687688;0.4759261363149098
-0.4905675675675676;0.4766067352206721
-0.48836636636636643;0.47717975527398293
-0.4861651651651652;0.477650153531996
-0.483963963963964;0.478048312073457
-0.4817627627627628;0.4783734458170113
-0.4795615615615616;0.4786492324152215
-0.4773603603603604;0.47887484833910027
-0.4751591591591592;0.47906554374246074
-0.472957957957958;0.4792224678351038
-0.47075675675675677;0.47935435406846094
-0.46855555555555556;0.47946351927517084
-0.46635435435435435;0.47955476488268595
-0.46415315315315314;0.4796307325017598
-0.461951951951952;0.4796938970884293
-0.45975075075075084;0.4797467950216419
-0.45754954954954963;0.47979056082976523
-0.45534834834834836;0.47982743269131567
-0.45314714714714716;0.479857801727844
-0.450945945945946;0.47988354575624176
-0.4487447447447448;0.4799046673966565
-0.4465435435435436;0.4799226508743535
-0.44434234234234243;0.47993743290628643
-0.4421411411411412;0.47995001596673315
-0.43993993993994;0.47996045083722844
-0.4377387387387388;0.4799693148718457
-0.4355375375375376;0.47997674087818887
-0.4333363363363364;0.4799830494379808
-0.4311351351351352;0.47998839875868843
-0.428933933933934;0.47999295751611165
-0.42673273273273277;0.47999687985373035
-0.42453153153153156;0.4800002471996912
-0.4223303303303304;0.480003195852314
-0.42012912912912914;0.48000575937767076
-0.417927927927928;0.4800080511530722
-0.4157267267267268;0.48001008052796884
-0.41352552552552563;0.48001193623187294
-0.41132432432432436;0.48001362099562844
-0.40912312312312316;0.4800151957931089
-0.406921921921922;0.4800166693157085
-0.40472072072072074;0.4800180763828949
-0.4025195195195196;0.4800194299263486
-0.4003183183183184;0.48002074989964477
-0.39811711711711717;0.48002204935012954
-0.39591591591591596;0.48002334059171003
-0.39371471471471475;0.4800246343970658
-0.39151351351351354;0.4800259401101554
-0.3893123123123124;0.4800272648216055
-0.3871111111111112;0.4800286179933978
-0.38490990990991;0.48003000214405483
-0.3827087087087087;0.480031428987013
-0.38050750750750756;0.48003289592942555
-0.37830630630630635;0.4800344181723828
-0.37610510510510514;0.4800359894621314
-0.373903903903904;0.48003762458160276
-0.3717027027027027;0.4800393186017322
-0.3695015015015016;0.480041083763575
-0.36730030030030036;0.48004291784895436
-0.36509909909909916;0.48004482963206413
-0.36289789789789795;0.48004682082274214
-0.36069669669669674;0.48004889582115406
-0.35849549549549553;0.48005106142356474
-0.3562942942942943;0.4800533167045491
-0.3540930930930931;0.48005567472534055
-0.35189189189189196;0.480058128192402
-0.34969069069069075;0.48006069768833803
-0.3474894894894895;0.4800633683829767
-0.34528828828828834;0.4800661697556254
-0.3430870870870872;0.48006908158920913
-0.3408858858858859;0.4800721333819029
-0.3386846846846847;0.4800753095575724
-0.33648348348348356;0.4800786345252104
-0.33428228228228235;0.48008209983633254
-0.33208108108108114;0.4800857231241038
-0.32987987987987993;0.4800895045867401
-0.3276786786786787;0.48009345358567873
-0.3254774774774775;0.4800975806950346
-0.3232762762762763;0.48010188528916586
-0.3210750750750751;0.48010639029364194
-0.31887387387387395;0.48011108312576556
-0.31667267267267274;0.48011600132067356
-0.3144714714714715;0.48012111807953495
-0.3122702702702703;0.48012648812807723
-0.3100690690690691;0.48013207321815476
-0.30786786786786785;0.4801379321469504
-0.30566666666666675;0.48014403176858356
-0.3034654654654655;0.4801504226212602
-0.3012642642642643;0.48015708525264844
-0.29906306306306313;0.48016405741844176
-0.2968618618618619;0.48017133628810404
-0.2946606606606607;0.4801789439305118
-0.2924594594594595;0.48018689751979576
-0.2902582582582583;0.4801952000755571
-0.2880570570570571;0.48020389268014085
-0.28585585585585593;0.48021295541487224
-0.28365465465465467;0.48022245777222056
-0.2814534534534535;0.4802323524009407
-0.27925225225225225;0.4802427423929479
-0.2770510510510511;0.48025355557525157
-0.27484984984984984;0.48026491121585935
-0.27264864864864874;0.48027673909120433
-0.27044744744744753;0.4802891456545026
-0.2682462462462463;0.4803020871408784
-0.26604504504504506;0.4803156457327059
-0.26384384384384385;0.4803298100553369
-0.2616426426426427;0.4803446321900515
-0.2594414414414415;0.48036014006941447
-0.2572402402402403;0.4803763488564552
-0.2550390390390391;0.48039333385149224
-0.25283783783783786;0.4804110653346104
-0.2506366366366367;0.48042967536339476
-0.2484354354354355;0.48044908003459885
-0.2462342342342343;0.4804694790990847
-0.24403303303303306;0.4804907338417933
-0.24183183183183188;0.4805130937585811
-0.2396306306306306;0.4805364075541871
-0.23742942942942952;0.48056090642135435
-0.23522822822822828;0.4805864915135853
-0.23302702702702707;0.48061334729471983
-0.23082582582582584;0.48064144000145176
-0.22862462462462466;0.480670895124567
-0.22642342342342348;0.4807017589169256
-0.2242222222222223;0.48073408336901247
-0.22202102102102103;0.480768012392617
-0.2198198198198199;0.4808035072523403
-0.21761861861861861;0.4808408303594387
-0.21541741741741743;0.48087983183479854
-0.21321621621621628;0.48092091720687746
-0.21101501501501507;0.4809638111161058
-0.20881381381381384;0.481009061708657
-0.20661261261261263;0.4810563316509933
-0.20441141141141145;0.4811061484097398
-0.20221021021021027;0.48115828297573193
-0.2000090090090091;0.4812131707012271
-0.19780780780780788;0.4812707197240687
-0.19560660660660664;0.4813312458442701
-0.19340540540540543;0.4813948289965864
-0.19120420420420425;0.4814616322431683
-0.1890030030030031;0.4815319489364269
-0.1868018018018018;0.48160574931184585
-0.18460060060060066;0.48168359009855977
-0.18239939939939942;0.48176520032738757
-0.18019819819819827;0.4818514600344979
-0.17799699699699706;0.481941798718383
-0.17579579579579588;0.48203749157109077
-0.17359459459459461;0.48213775638971534
-0.17139339339339343;0.4822438753238536
-0.1691921921921922;0.48235528965774693
-0.16699099099099107;0.48247309705024205
-0.16478978978978984;0.48259704663273173
-0.16258858858858863;0.4827279805153005
-0.1603873873873874;0.4828660423650682
-0.1581861861861862;0.4830117366074959
-0.15598498498498503;0.4831657070594496
-0.15378378378378385;0.4833280195024035
-0.15158258258258261;0.4834999462398063
-0.1493813813813814;0.48368099071927995
-0.1471801801801802;0.4838732092632059
-0.14497897897897905;0.4840753919407646
-0.1427777777777778;0.484290567052856
-0.14057657657657666;0.48451694234581805
-0.1383753753753754;0.4847577998837375
-0.13617417417417424;0.4850116705388522
-0.13397297297297298;0.4852814959507876
-0.13177177177177182;0.485566542613889
-0.12957057057057064;0.48586916124935675
-0.12736936936936938;0.48618957975735655
-0.12516816816816823;0.48652934096157385
-0.12296696696696702;0.48688990937429943
-0.12076576576576584;0.48727175201911305
-0.11856456456456463;0.48767790309888165
-0.1163633633633634;0.48810742573745336
-0.11416216216216223;0.4885653238758372
-0.11196096096096098;0.489048858307783
-0.10975975975975985;0.48956547914087944
-0.10755855855855861;0.4901107820316523
-0.10535735735735742;0.49069337530907536
-0.10315615615615618;0.4913091004450212
-0.10095495495495502;0.49196586634733314
-0.09875375375375377;0.4926613026077854
-0.09655255255255263;0.4934017860319786
-0.09435135135135138;0.4941872770176082
-0.09215015015015024;0.4950220494535387
-0.08994894894894895;0.4959090280404622
-0.08774774774774782;0.4968497043415393
-0.08554654654654663;0.49785069156246
-0.0833453453453454;0.4989099068306111
-0.08114414414414418;0.5000384590737829
-0.07894294294294298;0.5012297895020433
-0.07674174174174178;0.5025003741873301
-0.07454054054054055;0.5038391838335131
-0.07233933933933939;0.5052659583262326
-0.07013813813813823;0.5067688875365194
-0.06793693693693696;0.5083656158153305
-0.06573573573573574;0.5100481792210128
-0.06353453453453456;0.5118297643524385
-0.06133333333333342;0.5137070540166623
-0.059132132132132136;0.5156876369383955
-0.05693093093093101;0.5177735619931996
-0.05472972972972976;0.5199657086165901
-0.05252852852852856;0.5222720265263348
-0.05032732732732735;0.5246857191708134
-0.04812612612612624;0.5272208551321028
-0.04592492492492496;0.5298622947540602
-0.043723723723723754;0.5326299693659718
-0.04152252252252259;0.5355010123443098
-0.039321321321321434;0.5384979386636628
-0.03712012012012017;0.5415954751590734
-0.03491891891891895;0.5448089781442789
-0.03271771771771779;0.5481187622949001
-0.03051651651651654;0.5515300569973708
-0.0283153153153153;0.5550280441559526
-0.02611411411411423;0.5586084505919209
-0.023912912912912983;0.5622598297203735
-0.021711711711711747;0.5659701376461549
-0.019510510510510566;0.5697289716349684
-0.01730930930930938;0.5735194702245241
-0.015108108108108177;0.5773291582413306
-0.012906906906906964;0.5811405046078569
-0.010705705705705741;0.5849352259918089
-0.008504504504504587;0.5887001849489439
-0.006303303303303261;0.5924074542272612
-0.004102102102102198;0.5960510865851569
-0.001900900900900952;0.5995977534234876
0.00030030030030028625;0.6030440455773541
0.002501501501501451;0.6063573613424491
0.004702702702702545;0.6095331507050041
0.006903903903903854;0.6125453750851604
0.009105105105105038;0.6153848011287124
0.01130630630630622;0.6180372378176151
0.013507507507507418;0.6204857955696406
0.015708708708708576;0.6227322260019945
0.01790990990990991;0.6247499470793759
0.02011111111111094;0.626559077353029
0.02231231231231235;0.6281224796274318
0.024513513513513416;0.6294791512456395
0.026714714714714663;0.6305817793501647
0.028915915915915795;0.6314810905821787
0.031117117117117087;0.6321384554026334
0.03331831831831829;0.6325958593906937
0.03551951951951946;0.6328320303421487
0.037720720720720545;0.6328769148307632
0.03992192192192195;0.6327258556331233
0.04212312312312304;0.6323975136870329
0.04432432432432432;0.6319009914450946
0.046525525525525496;0.6312453042323217
0.04872672672672667;0.6304497954445741
0.05092792792792787;0.6295160247526168
0.05312912912912906;0.6284698584014404
0.05533033033033036;0.627307816149309
0.057531531531531434;0.6260587490448238
0.05973273273273273;0.6247165065636459
0.06193393393393391;0.6233085593130353
0.06413513513513505;0.6218320341464733
0.06633633633633639;0.6203070926977744
0.06853753753753747;0.6187360133676669
0.07073873873873887;0.6171319372734819
0.07293993993993984;0.6155003357704233
0.07514114114114111;0.6138497535623767
0.07734234234234233;0.6121866297407941
0.07954354354354351;0.610516927508901
0.0817447447447447;0.6088463787769269
0.08394594594594595;0.6071799537035022
0.08614714714714705;0.6055215028470977
0.08834834834834832;0.6038761877387866
0.09054954954954954;0.6022452311730034
0.09275075075075079;0.600634812738833
0.09495195195195193;0.5990434764628423
0.09715315315315304;0.5974778992715108
0.0993543543543544;0.595935372354848
0.10155555555555547;0.5944214709858334
0.10375675675675677;0.592933945853139
0.10595795795795789;0.5914765172081892
0.10815915915915914;0.5900479663763544
0.11036036036036025;0.5886499170385077
0.11256156156156151;0.5872825297866294
0.11476276276276282;0.5859452570967854
0.11696396396396393;0.5846398180273112
0.11916516516516519;0.5833635375682199
0.12136636636636637;0.5821197477816746
0.12356756756756755;0.5809037694788808
0.12576876876876875;0.5797205140976881
0.12796996996996993;0.5785637406536027
0.13017117117117125;0.577439038577146
0.13237237237237232;0.5763401757366944
0.1345735735735735;0.5752713334160235
0.1367747747747748;0.574228109294976
0.138975975975976;0.5732127929525878
0.14117717717717715;0.5722227101498142
0.14337837837837833;0.5712584239214795
0.1455795795795795;0.5703188581314861
0.14778078078078072;0.5694030246814525
0.1499819819819819;0.5685113003761272
0.1521831831831832;0.5676413225275297
0.15438438438438432;0.5667947700084894
0.15658558558558544;0.5659680769768058
0.15878678678678676;0.5651640744616416
0.16098798798798794;0.5643782285489698
0.16318918918918918;0.5636141595432823
0.1653903903903903;0.5628672119985345
0.16759159159159157;0.5621401543268153
0.1697927927927927;0.5614297096994598
0.17199399399399393;0.5607374010398046
0.17419519519519516;0.5600611805476955
0.1763963963963964;0.5594014733445715
0.1785975975975974;0.558757320750008
0.18079879879879882;0.5581281857485115
0.18299999999999988;0.5575140695011149
0.1852012012012012;0.5569135963338753
0.1874024024024023;0.5563276089460178
0.18960360360360357;0.5557540045449937
0.19180480480480475;0.5551943599600978
0.19400600600600595;0.5546459454017996
0.1962072072072072;0.5541109749493546
0.19840840840840843;0.5535865015960535
0.20060960960960958;0.5530743286064649
0.2028108108108108;0.5525723113423953
0.20501201201201194;0.5520815073443176
0.20721321321321318;0.5516005427484704
0.20941441441441436;0.5511297979579699
0.21161561561561565;0.5506685807354806
0.2138168168168168;0.5502166759306215
0.2160180180180179;0.5497739928414346
0.21821921921921922;0.5493397936924836
0.2204204204204204;0.5489145175487999
0.22262162162162158;0.5484969690577955
0.22482282282282276;0.548088052881551
0.22702402402402394;0.5476861740001256
0.22922522522522526;0.5472926454034369
0.23142642642642633;0.5469056853423417
0.23362762762762768;0.5465264797055389
0.23582882882882883;0.5461536208183012
0.2380300300300299;0.5457878684377877
0.2402312312312312;0.5454282990061452
0.2424324324324324;0.5450752429138505
0.2446336336336336;0.544728208572738
0.24683483483483476;0.5443871442999607
0.24903603603603594;0.5440519437140812
0.25123723723723723;0.5437222153844318
0.25343843843843833;0.5433981962225478
0.2556396396396396;0.5430791929146512
0.25784084084084086;0.5427657481117307
0.26004204204204195;0.54245690048143
0.2622432432432433;0.5421534647760756
0.2644444444444443;0.5418543218815155
0.2666456456456457;0.5415602886588656
0.26884684684684673;0.5412704041238545
0.2710480480480481;0.5409852334000107
0.2732492492492492;0.5407041313304853
0.27545045045045036;0.540427378434123
0.27765165165165157;0.5401546146984934
0.27985285285285283;0.5398858640092308
0.2820540540540541;0.5396210238197746
0.28425525525525525;0.5393598865969387
0.2864564564564564;0.5391025822838877
0.2886576576576577;0.5388486946657557
0.29085885885885876;0.53859856362966
0.2930600600600601;0.5383515847904777
0.2952612612612613;0.538108287619159
0.2974624624624622;0.5378679352560265
0.29966366366366365;0.5376311168090725
0.3018648648648647;0.5373971445162338
0.30406606606606607;0.5371664533960594
0.30626726726726716;0.5369385715250065
0.30846846846846837;0.5367137363141614
0.3106696696696697;0.536491672995698
0.31287087087087073;0.5362724385638913
0.31507207207207205;0.5360559384124145
0.3172732732732732;0.5358420647540938
0.31947447447447436;0.5356308876757514
0.3216756756756756;0.5354221488390999
0.3238768768768768;0.5352160689351818
0.3260780780780781;0.5350122520350542
0.32827927927927913;0.5348110565926661
0.33048048048048045;0.5346119748203573
0.33268168168168166;0.5344154494632866
0.3348828828828828;0.5342209656793209
0.337084084084084;0.5340288690798675
0.3392852852852853;0.5338387990916081
0.34148648648648644;0.5336509581296247
0.34368768768768765;0.5334651280203803
0.34588888888888875;0.5332813790118801
0.3480900900900901;0.5330996244396269
0.3502912912912911;0.532919812506803
0.3524924924924925;0.5327419780570868
0.3546936936936937;0.5325659565459938
0.3568948948948948;0.5323918951344973
0.3590960960960961;0.5322195250765005
0.3612972972972972;0.5320490973971547
0.3634984984984986;0.5318802478120431
0.36569969969969957;0.5317133210254525
0.36790090090090083;0.5315479162374632
0.3701021021021021;0.5313843157217009
0.3723033033033032;0.5312222334000134
0.37450450450450445;0.5310618438460899
0.37670570570570566;0.5309029678333641
0.3789069069069068;0.5307456796162031
0.3811081081081081;0.530589899538054
0.38330930930930923;0.5304356083649496
0.38551051051051055;0.5302828192679966
0.3877117117117116;0.530131425852233
0.3899129129129128;0.5299815278684171
0.3921141141141141;0.5298329376260704
0.3943153153153152;0.5296858356611375
0.3965165165165165;0.5295399584292377
0.39871771771771763;0.5293955618734629
0.40091891891891895;0.5292523440375798
0.4031201201201201;0.5291105341072477
0.4053213213213212;0.5289698979041464
0.4075225225225226;0.5288305878450029
0.4097237237237236;0.5286924525521176
0.41192492492492505;0.5285555659901704
0.414126126126126;0.5284198545186443
0.4163273273273273;0.5282853184389337
0.4185285285285285;0.528151957123991
0.4207297297297297;0.5280197016811475
0.4229309309309309;0.5278886200867483
0.42513213213213213;0.527758578428175
0.4273333333333333;0.5276297091648604
0.4295345345345345;0.5275018172655948
0.43173573573573565;0.527375095820526
0.4339369369369371;0.5272493124112785
0.43613813813813807;0.5271246569071897
0.43833933933933933;0.527000932693265
0.44054054054054054;0.5268782743769861
0.4427417417417417;0.5267565512424229
0.4449429429429429;0.5266358350071262
0.44714414414414405;0.526516057207482
0.4493453453453453;0.5263972301438469
0.45154654654654647;0.5262793441803817
0.45374774774774773;0.5261623554626422
0.45594894894894894;0.5260463099645188
0.4581501501501501;0.5259311107436074
0.4603513513513512;0.5258168563575246
0.4625525525525525;0.5257033996608123
0.46475375375375366;0.5255908889475385
0.46695495495495487;0.5254791412695373
0.469156156156156;0.5253683169220242
0.47135735735735734;0.5252582474305421
0.47355855855855844;0.5251490528882464
0.4757597597597597;0.5250406184345662
0.47796096096096086;0.524933012704598
0.4801621621621621;0.5248261717434552
0.4823633633633634;0.524720115322024
0.4845645645645645;0.5246148278334133
0.4867657657657658;0.5245102826348528
0.48896696696696684;0.5244065100504787
0.4911681681681682;0.5243034393403924
0.49336936936936937;0.524201144474447
0.4955705705705706;0.5240995128066995
0.4977717717717716;0.523998659790673
0.499972972972973;0.5238984387615303
0.5021741741741741;0.5237989871692278
0.5043753753753754;0.523700158269615
0.5065765765765765;0.5236020601509208
0.5087777777777778;0.5235045904866671
0.5109789789789788;0.5234078145397368
0.5131801801801802;0.5233116723363535
0.5153813813813813;0.523216188301271
0.5175825825825826;0.5231213428537003
0.5197837837837835;0.5230271214667694
0.5219849849849849;0.5229335430919132
0.5241861861861861;0.5228405560424214
0.5263873873873873;0.5227482160342672
0.5285885885885885;0.5226564359235624
0.5307897897897897;0.5225653065107445
0.5329909909909909;0.5224747084443256
0.5351921921921922;0.5223847611191217
0.5373933933933933;0.5222953350152686
0.5395945945945947;0.5222065281502283
0.5417957957957956;0.5221182483616793
0.5439969969969971;0.5220305575171195
0.546198198198198;0.5219433992014186
0.5483993993993994;0.5218568006879204
0.5491331331331332;0.4378320000592923
0.5471981981981984;0.28929045287811844
0.5449969969969971;0.16719420338956487
0.5427957957957961;0.06478868828328627
0.5405945945945948;-0.019612460506672917
0.5383933933933934;-0.09078552667303598
0.5361921921921924;-0.14913460206752416
0.5339909909909911;-0.19860184946900242
0.53178978978979;-0.23894612214290056
0.5295885885885889;-0.27317594129293243
0.5273873873873876;-0.30123140109995666
0.5251861861861862;-0.32491257539034385
0.5229849849849851;-0.34443750823884123
0.5207837837837841;-0.3608270878797591
0.5185825825825829;-0.37442011360934796
0.5163813813813813;-0.3857695728522516
0.5141801801801803;-0.3952381859709644
0.5119789789789791;-0.40310383308821396
0.5097777777777781;-0.4097050772513997
0.5075765765765767;-0.41516266067890717
0.5053753753753756;-0.4197706427171719
0.5031741741741743;-0.42356371677098253
0.5009729729729732;-0.42678618131152635
0.49877177177177184;-0.4294286737605392
0.4965705705705708;-0.4316802577859076
0.4943693693693695;-0.4335352324340371
0.4921681681681684;-0.4351124526914638
0.48996696696696695;-0.4364225660330367
0.487765765765766;-0.4375334317919582
0.4855645645645648;-0.4384644535968048
0.4833633633633634;-0.43925275900697924
0.4811621621621622;-0.43991999924253977
0.478960960960961;-0.4404851454831691
0.47675975975976;-0.440968804060573
0.47455855855855883;-0.44137950374839835
0.4723573573573574;-0.4417353545610207
0.4701561561561562;-0.44203910621835996
0.46795495495495504;-0.4423059324881336
0.46575375375375405;-0.44253557044237
0.4635525525525527;-0.44273995931692584
0.4613513513513513;-0.4429185607238764
0.4591501501501502;-0.4430792701925939
0.4569489489489492;-0.44322251760368814
0.4547477477477479;-0.443352844863705
0.4525465465465467;-0.4434713253486646
0.4503453453453454;-0.44358046683631136
0.4481441441441443;-0.443681549005517
0.445942942942943;-0.44377586622469234
0.4437417417417419;-0.44386467922713974
0.44154054054054054;-0.4439485739191705
0.4393393393393395;-0.44402868889438213
0.4371381381381382;-0.4441052080968713
0.4349369369369371;-0.4441791124421512
0.4327357357357359;-0.44425036679331953
0.4305345345345345;-0.44431977553327984
0.42833333333333345;-0.4443872471165014
0.42613213213213214;-0.4444533548647098
0.4239309309309311;-0.4445180747938494
0.42172972972972994;-0.4445817447968199
0.4195285285285287;-0.4446444021326007
0.41732732732732736;-0.4447062359630841
0.41512612612612615;-0.4447673146971729
0.4129249249249252;-0.4448277331322292
0.41072372372372395;-0.44488757466890094
0.40852252252252247;-0.44494687362506385
0.4063213213213213;-0.4450057202906962
0.4041201201201203;-0.4450641095142522
0.4019189189189192;-0.4451221348571763
0.3997177177177179;-0.44517976469278486
0.3975165165165166;-0.44523709299320446
0.39531531531531544;-0.4452940745064631
0.39311411411411423;-0.4453507921937228
0.39091291291291314;-0.44540721329179406
0.38871171171171187;-0.44546339228767323
0.3865105105105105;-0.44551931352660495
0.38430930930930945;-0.4455750096710521
0.3821081081081083;-0.44563047916641324
0.37990690690690704;-0.44568573746224915
0.37770570570570583;-0.4457407949523688
0.3755045045045047;-0.44579565322420245
0.3733033033033034;-0.4458503329302773
0.37110210210210215;-0.44590482438993717
0.36890090090090105;-0.4459591570411715
0.3666996996997;-0.44601331210038764
0.3644984984984987;-0.4460673263809379
0.36229729729729726;-0.44612117394723777
0.36009609609609633;-0.44617489352081124
0.3578948948948951;-0.446228465963498
0.35569369369369397;-0.4462819190952193
0.3534924924924925;-0.44633524410048053
0.35129129129129133;-0.4463884595269399
0.3490900900900903;-0.4464415653576937
0.3468888888888892;-0.44649457270624604
0.34468768768768787;-0.44654748868221134
0.34248648648648655;-0.44660031887345003
0.34028528528528534;-0.44665307571952445
0.33808408408408436;-0.4467057613165318
0.3358828828828829;-0.4467583914740358
0.33368168168168183;-0.4468109670020371
0.33148048048048057;-0.4468635049209842
0.32927927927927947;-0.44691600717456914
0.3270780780780782;-0.44696848930826194
0.324876876876877;-0.44702095795111535
0.32267567567567607;-0.4470734247378308
0.3204744744744746;-0.44712590093036403
0.31827327327327326;-0.44717839604721343
0.31607207207207216;-0.4472309238332022
0.31387087087087107;-0.44728349434822734
0.31166966966966975;-0.4473361211881266
0.3094684684684684;-0.44738881793548946
0.3072672672672674;-0.4474415950739319
0.30506606606606623;-0.4474944730635884
0.3028648648648651;-0.44754745593148454
0.30066366366366365;-0.4476005747995392
0.2984624624624624;-0.447653823456452
0.29626126126126134;-0.4477072479626353
0.29406006006006025;-0.4477608312140348
0.2918588588588591;-0.44781462816461415
0.2896576576576576;-0.4478686210405666
0.28745645645645646;-0.4479228629642552
0.28525525525525547;-0.4479773452350407
0.28305405405405426;-0.44803211315212227
0.28085285285285294;-0.44808717189397285
0.2786516516516517;-0.44814255418313365
0.2764504504504506;-0.44819828458109434
0.2742492492492494;-0.4482543777770295
0.2720480480480481;-0.44831088402404085
0.26984684684684707;-0.44836779370962343
0.2676456456456457;-0.4484251900151514
0.2654444444444445;-0.44848303182105825
0.26324324324324344;-0.4485414435445828
0.2610420420420421;-0.44860035193622594
0.2588408408408411;-0.44865990919815896
0.25663963963963976;-0.44872003691557444
0.25443843843843855;-0.44878087785729304
0.25223723723723734;-0.4488423833053834
0.25003603603603614;-0.4489046697440433
0.2478348348348352;-0.4489677276202089
0.2456336336336337;-0.44903163786100775
0.24343243243243243;-0.4490964411008341
0.24123123123123139;-0.4491621718834947
0.23903003003003026;-0.4492289338673426
0.2368288288288292;-0.4492967025703671
0.23462762762762757;-0.44936565962981384
0.2324264264264266;-0.44943570677035927
0.23022522522522543;-0.4495071210396131
0.22802402402402425;-0.44957972351644193
0.225822822822823;-0.4496538757772868
0.22362162162162164;-0.44972936745607023
0.22142042042042054;-0.4498065434881503
0.21921921921921947;-0.44988526439310417
0.21701801801801818;-0.4499658136940571
0.21481681681681705;-0.4500481429492211
0.21261561561561565;-0.4501324548299043
0.21041441441441466;-0.45021881580941375
0.20821321321321326;-0.4503073245764686
0.20601201201201214;-0.45039819080543664
0.2038108108108111;-0.45049138168758324
0.20160960960960975;-0.4505872836093961
0.19940840840840846;-0.450685699539802
0.19720720720720727;-0.450787232283269
0.1950060060060063;-0.45089148762750336
0.19280480480480514;-0.4509993139666908
0.19060360360360348;-0.4511101949009393
0.1884024024024025;-0.45122496402651463
0.18620120120120134;-0.45134326459796514
0.1840000000000003;-0.4514657980375615
0.18179879879879898;-0.4515924138116318
0.17959759759759766;-0.4517236370147057
0.17739639639639654;-0.451859579494425
0.17519519519519536;-0.452000536371728
0.17299399399399423;-0.45214694956236234
0.17079279279279297;-0.4522988191415526
0.16859159159159162;-0.4524569985659199
0.16639039039039055;-0.4526211140543554
0.16418918918918937;-0.45279252855750396
0.16198798798798816;-0.4529703991324785
0.15978678678678676;-0.4531567158466968
0.15758558558558577;-0.45335027869523914
0.1553843843843845;-0.4535531643908718
0.1531831831831832;-0.45376445403712873
0.15098198198198223;-0.45398596661397317
0.14878078078078083;-0.4542172647751199
0.1465795795795797;-0.45445977247152036
0.1443783783783784;-0.45471367535184853
0.14217717717717737;-0.45497986757296516
0.13997597597597627;-0.45525932994422535
0.13777477477477476;-0.4555522611164613
0.1355735735735736;-0.4558606457669846
0.13337237237237243;-0.45618378426278966
0.13117117117117133;-0.45652491705986925
0.1289699699699703;-0.45688219934386964
0.12676876876876872;-0.4572604299752508
0.12456756756756765;-0.45765676915173004
0.12236636636636648;-0.458076588109998
0.12016516516516551;-0.4585173879778686
0.11796396396396407;-0.4589840477221362
0.1157627627627627;-0.4594752306966285
0.11356156156156168;-0.4599948606645351
0.11136036036036058;-0.4605431193696214
0.10915915915915943;-0.4611226216634429
0.1069579579579581;-0.4617354950401656
0.10475675675675687;-0.4623826146623521
0.10255555555555572;-0.4630685607131813
0.10035435435435452;-0.4637919504222593
0.09815315315315333;-0.46456041022815464
0.09595195195195216;-0.4653696842945824
0.09375075075075082;-0.46623112986012133
0.09154954954954977;-0.46713771598285414
0.08934834834834844;-0.46810285486072944
0.08714714714714739;-0.4691194521408328
0.08494594594594618;-0.47019975759651667
0.08274474474474496;-0.471339370799942
0.08054354354354355;-0.47254793754168417
0.0783423423423424;-0.47382447584616955
0.0761411411411414;-0.475175176421299
0.07393993993994026;-0.476603261387636
0.07173873873873873;-0.478110514860179
0.06953753753753758;-0.4797051763194508
0.06733633633633661;-0.4813836009771725
0.06513513513513543;-0.4831598332123803
0.06293393393393404;-0.48502375802810843
0.0607327327327328;-0.48699590864273423
0.0585315315315316;-0.48905974515664435
0.056330330330330566;-0.4912396872377132
0.05412912912912923;-0.49351738641369675
0.05192792792792819;-0.49591321627593005
0.04972672672672688;-0.4984137289471204
0.04752552552552566;-0.5010320650858617
0.04532432432432445;-0.5037600643593843
0.043123123123123275;-0.5066027267535912
0.0409219219219221;-0.5095571574306437
0.03872072072072089;-0.5126197603005288
0.036519519519519573;-0.5157923159686884
0.03431831831831848;-0.519062847988592
0.032117117117117275;-0.5224365016605235
0.02991591591591612;-0.5258940284365353
0.027714714714714768;-0.5294417880742502
0.02551351351351353;-0.5330557126694696
0.023312312312312514;-0.5367395458481099
0.0211111111111114;-0.540469321232383
0.01890990990990995;-0.5442397744971155
0.016708708708708653;-0.5480319537248275
0.01450750750750768;-0.5518319808353136
0.012306306306306518;-0.5556235233483477
0.010105105105105329;-0.5593879054184567
0.007903903903903893;-0.5631083402240591
0.005702702702702768;-0.5667662128042056
0.0035015015015016073;-0.5703407873134488
0.0013003003003005987;-0.5738190015627422
-0.0009009009009007591;-0.5771726226647393
-0.003102102102102009;-0.5803996932641718
-0.0053033033033032285;-0.5834613143359597
-0.007504504504504243;-0.5863715845414422
-0.00970570570570561;-0.5890785785170645
-0.011906906906906831;-0.5916102127068011
-0.01410810810810799;-0.5939181763477969
-0.016309309309309197;-0.5960271065196674
-0.018510510510510447;-0.5979020713033906
-0.020711711711711607;-0.5995605404893738
-0.02291291291291257;-0.6009842590028325
-0.02511411411411399;-0.6021815246667271
-0.027315315315315357;-0.6031519146160992
-0.029516516516516367;-0.6038937962137126
-0.031717717717717586;-0.6044238875548364
-0.03391891891891864;-0.6047310644544619
-0.03612012012012022;-0.604846926459684
-0.03832132132132125;-0.604752297467189
-0.04052252252252237;-0.6044902713039584
-0.04272372372372349;-0.6040357667203555
-0.0449249249249245;-0.6034358977722832
-0.047126126126126114;-0.6026726087856302
-0.04932732732732732;-0.6017828146647608
-0.05152852852852825;-0.6007605830741436
-0.05372972972972945;-0.5996312402727129
-0.055930930930930774;-0.5983985423439362
-0.058132132132132114;-0.5970788014160433
-0.06033333333333315;-0.5956819361370416
-0.06253453453453425;-0.5942178486102091
-0.06473573573573571;-0.592699478034864
-0.06693693693693663;-0.5911327283438763
-0.0691381381381381;-0.5895309537020994
-0.07133933933933914;-0.5878981384992247
-0.07354054054054049;-0.5862460407922736
-0.07574174174174156;-0.584578401757193
-0.07794294294294263;-0.5829039249218225
-0.08014414414414406;-0.5812274565352499
-0.08234534534534522;-0.5795541101407499
-0.08454654654654645;-0.5778893634709896
-0.08674774774774757;-0.5762360774012487
-0.08894894894894859;-0.5745991458225588
-0.09115015015015013;-0.5729806054851176
-0.09335135135135128;-0.5713838138347578
-0.09555255255255238;-0.5698110217179396
-0.0977537537537534;-0.5682634581045619
-0.09995495495495467;-0.5667442971655609
-0.10215615615615624;-0.5652523300381894
-0.10435735735735718;-0.5637920975404721
-0.10655855855855838;-0.5623598557861788
-0.10875975975975956;-0.560961748858204
-0.11096096096096075;-0.559591935726926
-0.11316216216216206;-0.5582570962106127
-0.11536336336336313;-0.5569511725993217
-0.11756456456456442;-0.5556792479282165
-0.11976576576576552;-0.5544369535759803
-0.12196696696696696;-0.553227206760823
-0.12416816816816807;-0.5520474092511986
-0.12636936936936918;-0.5508983954995998
-0.12857057057057047;-0.5497793242757211
-0.13077177177177154;-0.548689087622991
-0.13297297297297292;-0.5476285231698814
-0.13517417417417393;-0.5465947548637634
-0.1373753753753753;-0.5455901794064596
-0.1395765765765765;-0.5446103436919184
-0.14177777777777745;-0.5436590594828656
-0.14397897897897888;-0.5427306531817676
-0.1461801801801802;-0.5418297128002632
-0.14838138138138127;-0.5409505539826519
-0.15058258258258236;-0.5400966169913056
-0.1527837837837834;-0.5392639095369858
-0.1549849849849851;-0.538454287070888
-0.15718618618618604;-0.5376652859477468
-0.15938738738738725;-0.5368973555398686
-0.16158858858858835;-0.536149398942755
-0.16378978978978964;-0.535420629416054
-0.16599099099099096;-0.5347111608821036
-0.16819219219219206;-0.5340191291330475
-0.17039339339339318;-0.5333457118632541
-0.17259459459459442;-0.5326881133472419
-0.17479579579579563;-0.5320484385403876
-0.176996996996997;-0.5314231072744023
-0.17919819819819802;-0.5308149835733021
-0.18139939939939936;-0.5302202858315201
-0.1836006006006005;-0.5296412480361709
-0.18580180180180153;-0.5290751979004793
-0.18800300300300285;-0.5285233886341529
-0.1902042042042041;-0.5279841287810624
-0.19240540540540538;-0.5274578111813921
-0.1946066066066064;-0.5269436084530422
-0.19680780780780752;-0.5264411614746499
-0.19900900900900892;-0.5259504014499492
-0.20121021021021013;-0.5254703144395718
-0.20341141141141128;-0.5250014953821492
-0.2056126126126123;-0.5245423622213272
-0.2078138138138135;-0.5240940886892798
-0.2100150150150149;-0.5236546017281591
-0.21221621621621614;-0.5232255780586631
-0.21441741741741727;-0.5228047475868336
-0.21661861861861828;-0.5223935458326444
-0.2188198198198196;-0.521990253126073
-0.22102102102102097;-0.5215957476392975
-0.22322222222222213;-0.5212089143537516
-0.22542342342342309;-0.5208301004122251
-0.22762462462462446;-0.5204587263676335
-0.22982582582582564;-0.5200946709118948
-0.2320270270270269;-0.5197378283852183
-0.23422822822822803;-0.5193876648200555
-0.23642942942942932;-0.5190444931545743
-0.2386306306306304;-0.5187074164485963
-0.24083183183183154;-0.5183771169913224
-0.24303303303303278;-0.5180523790804532
-0.24523423423423413;-0.5177342104499697
-0.24743543543543528;-0.5174212279447081
-0.2496366366366364;-0.5171143896237274
-0.25183783783783786;-0.5168125572133274
-0.25403903903903885;-0.5165163680561659
-0.2562402402402402;-0.5162250666663538
-0.2584414414414412;-0.5159389492418215
-0.2606426426426424;-0.5156576031712716
-0.2628438438438436;-0.5153810196873342
-0.265045045045045;-0.5151090932325076
-0.26724624624624616;-0.5148415425026623
-0.26944744744744714;-0.5145785368458972
-0.27164864864864824;-0.5143195514901966
-0.27384984984985;-0.5140650018341608
-0.276051051051051;-0.51381414569898
-0.2782522522522519;-0.5135676186303563
-0.28045345345345335;-0.5133245382645444
-0.2826546546546545;-0.5130855754779167
-0.28485585585585577;-0.5128499409477593
-0.28705705705705686;-0.5126181140163771
-0.2892582582582581;-0.5123895589410606
-0.2914594594594593;-0.5121645252232637
-0.2936606606606603;-0.5119427070429327
-0.29586186186186186;-0.5117241456853199
-0.2980630630630629;-0.5115087438542257
-0.3002642642642641;-0.5112963541706684
-0.3024654654654653;-0.5110870684982521
-0.30466666666666653;-0.5108805684813847
-0.3068678678678677;-0.5106771176084868
-0.30906906906906895;-0.5104762425588686
-0.31127027027027027;-0.5102783625592175
-0.31347147147147125;-0.5100828869256748
-0.31567267267267224;-0.5098903069203865
-0.31787387387387406;-0.509700048351723
-0.3200750750750751;-0.5095124841183998
-0.32227627627627603;-0.509327216170736
-0.3244774774774772;-0.5091444552829794
-0.3266786786786786;-0.5089639649344646
-0.3288798798798799;-0.5087858072686439
-0.3310810810810808;-0.5086098939582004
-0.33328228228228224;-0.508436150832252
-0.33548348348348334;-0.5082646255764477
-0.33768468468468443;-0.5080951189553582
-0.33988588588588586;-0.507927803534981
-0.342087087087087;-0.5077623652992328
-0.3442882882882881;-0.5075990915104271
-0.34648948948948916;-0.5074375689958194
-0.3486906906906906;-0.5072781717448539
-0.3508918918918918;-0.5071204636922816
-0.3530930930930928;-0.5069647437859082
-0.3552942942942943;-0.506810703717971
-0.35749549549549536;-0.5066585233252441
-0.3596966966966963;-0.5065080126182433
-0.36189789789789767;-0.5063592411248857
-0.3640990990990991;-0.506212128485065
-0.36630030030030014;-0.5060666420253027
-0.3685015015015011;-0.5059228030079354
-0.3707027027027025;-0.5057804840299426
-0.3729039039039039;-0.5056398005915783
-0.3751051051051049;-0.5055005374549258
-0.3773063063063061;-0.5053628975426527
-0.3795075075075073;-0.5052265841461224
-0.3817087087087084;-0.5050918813145382
-0.3839099099099097;-0.5049584556923569
-0.3861111111111111;-0.504826549808208
-0.38831231231231206;-0.504695916385769
-0.39051351351351316;-0.5045667107244036
-0.3927147147147146;-0.5044387753516546
-0.3949159159159159;-0.5043121809640347
-0.39711711711711684;-0.5041868539843635
-0.399318318318318;-0.5040627860656517
-0.4015195195195195;-0.5039399820430817
-0.4037207207207207;-0.5038183596920804
-0.4059219219219216;-0.5036979971571288
-0.40812312312312304;-0.503578743143714
-0.4103243243243242;-0.503460744360901
-0.4125255255255252;-0.5033437849141854
-0.4147267267267266;-0.5032280756591372
-0.41692792792792777;-0.503113364664529
-0.41912912912912903;-0.5029998496279372
-0.42133033033032996;-0.5028873265178498
-0.4235315315315314;-0.5027759310400459
-0.4257327327327326;-0.5026655293649124
-0.4279339339339338;-0.5025561905134898
-0.43013513513513507;-0.5024478466878501
-0.43233633633633617;-0.5023405041835839
-0.43453753753753716;-0.5022341573332353
-0.43673873873873864;-0.5021287534077624
-0.43893993993994;-0.5020243452147871
-0.44114114114114095;-0.5019208244698202
-0.44334234234234193;-0.5018182990338558
-0.44554354354354353;-0.5017166083205825
-0.4477447447447448;-0.5016159120315986
-0.44994594594594567;-0.5015160150025024
-0.45214714714714693;-0.501417081745689
-0.4543483483483483;-0.5013189400576654
-0.4565495495495494;-0.5012217097805947
-0.45875075075075045;-0.5011252749295663
-0.460951951951952;-0.5010297016026064
-0.46315315315315303;-0.5009349269879422
-0.4653543543543542;-0.5008409663426941
-0.46755555555555534;-0.5007478071639945
-0.46975675675675677;-0.5006554166057285
-0.47195795795795775;-0.5005638297757972
-0.47415915915915896;-0.5004729683048571
-0.4763603603603602;-0.5003829123606629
-0.4785615615615613;-0.5002935404869587
-0.48076276276276253;-0.5002049755147512
-0.4829639639639641;-0.5001170631894838
-0.485165165165165;-0.5000299427477028
-0.48736636636636604;-0.4999434661918837
-0.4895675675675672;-0.49985774033727
-0.4917687687687689;-0.4997726631116966
-0.49396996996996984;-0.4996882972040095
-0.4961711711711709;-0.4996045841776064
-0.49837237237237225;-0.499521544781194
-0.5005735735735735;-0.499439162063448
-0.5027747747747746;-0.4993574169159691
-0.5049759759759759;-0.4992763317894754
-0.5071771771771769;-0.49919584971385383
-0.5093783783783782;-0.4991160306169221
-0.5115795795795791;-0.4990367814910835
-0.5137807807807808;-0.49895819792553286
-0.5159819819819818;-0.498880155977226
-0.5181831831831829;-0.4988027751484353
-0.5203843843843843;-0.49872592638034713
-0.5225855855855854;-0.4986497056491426
-0.5247867867867865;-0.4985740220283967
-0.5269879879879877;-0.49849893468451295
-0.5291891891891891;-0.498424389072323
-0.5313903903903902;-0.498350409262961
-0.5335915915915912;-0.4982769754247224
-0.5357927927927928;-0.49820407812680056
-0.5379939939939938;-0.49813173064283345
-0.540195195195195;-0.4980598916312121
-0.542396396396396;-0.4979886059173558
-0.5445975975975975;-0.49791780170663713
-0.5467987987987988;-0.49784755396307206
-0.5489999999999997;-0.49777776176693006
