Potential (V);Current (A)
-0.55;3.362985063806956e-10
-0.5478003003003004;0.0827127358332556
-0.5456006006006007;0.15703196747562342
-0.543400900900901;0.22378915596391713
-0.5412012012012013;0.28373549364176676
-0.5390015015015016;0.3375498600682939
-0.5368018018018019;0.3858456312765802
-0.5346021021021021;0.4291767002326002
-0.5324024024024024;0.4680429868463179
-0.5302027027027028;0.502522138461326
-0.5280030030030031;0.533323239573208
-0.5258033033033034;0.5609932378314946
-0.5236036036036037;0.5858426949952223
-0.5214039039039039;0.6081524200978186
-0.5192042042042042;0.6281761736108101
-0.5170045045045045;0.6461431468988221
-0.5148048048048048;0.6622602324448891
-0.5126051051051052;0.6766334032882786
-0.5104054054054055;0.6893984076050267
-0.5082057057057058;0.7008669844183841
-0.506006006006006;0.7111675607695931
-0.5038063063063063;0.7204162824907936
-0.5016066066066066;0.72871812718933
-0.4994069069069069;0.7361679252340361
-0.49720720720720724;0.7428512950012347
-0.49500750750750755;0.7488430956661423
-0.49280780780780786;0.7541332848176808
-0.4906081081081081;0.7588867207551488
-0.48840840840840843;0.7631565088805731
-0.48620870870870875;0.7669906857162553
-0.48400900900900906;0.7704326769077365
-0.4818093093093093;0.7735217175846949
-0.47960960960960963;0.7762932375946077
-0.47740990990990995;0.7787792140554719
-0.47521021021021026;0.7809837447771832
-0.4730105105105105;0.7829540454517164
-0.47081081081081083;0.784724093408226
-0.46861111111111114;0.7863137550682645
-0.4664114114114114;0.7877409934163742
-0.4642117117117117;0.7890220410424049
-0.46201201201201203;0.7901715587992868
-0.45981231231231234;0.7912027810654235
-0.45761261261261266;0.7921221225982975
-0.4554129129129129;0.7929390494384693
-0.45321321321321323;0.793673077504722
-0.45101351351351354;0.7943324228949262
-0.44881381381381386;0.7949245160313014
-0.4466141141141141;0.795456072886562
-0.4444144144144145;0.7959331603204118
-0.4422147147147148;0.7963612559235392
-0.44001501501501505;0.7967449957830344
-0.43781531531531537;0.7970840712877669
-0.4356156156156157;0.7973888468046902
-0.43341591591591594;0.7976627206934808
-0.43121621621621625;0.7979087670808087
-0.42901651651651657;0.7981297651663061
-0.4268168168168169;0.7983282261222993
-0.42461711711711714;0.7985064177465905
-0.4224174174174174;0.7986663870231925
-0.42021771771771776;0.7988083471892462
-0.418018018018018;0.7989354363775459
-0.41581831831831834;0.799049763578994
-0.41361861861861865;0.7991526015452055
-0.41141891891891896;0.7992451013322206
-0.4092192192192192;0.7993283033783617
-0.40701951951951953;0.799403147659056
-0.40481981981981985;0.7994704829824403
-0.4026201201201201;0.799530702636231
-0.4004204204204205;0.7995844671537419
-0.39822072072072073;0.7996329948320369
-0.39602102102102105;0.7996768139967059
-0.39382132132132136;0.7997164028213436
-0.3916216216216216;0.7997521938906855
-0.38942192192192193;0.7997845783854144
-0.3872222222222223;0.7998139099152398
-0.3850225225225225;0.7998404796361032
-0.3828228228228229;0.7998643048530154
-0.38062312312312313;0.7998860286632076
-0.37842342342342344;0.799905872363609
-0.37622372372372376;0.7999240366694579
-0.37402402402402407;0.7999407035958791
-0.37182432432432433;0.7999560381847937
-0.36962462462462464;0.7999701900888984
-0.36742492492492496;0.7999832950235467
-0.3652252252252252;0.7999953835327025
-0.3630255255255255;0.800006660601833
-0.3608258258258258;0.8000172576686893
-0.35862612612612615;0.8000272619272316
-0.3564264264264264;0.8000367530254103
-0.3542267267267267;0.8000458037828578
-0.3520270270270271;0.8000544808505257
-0.34982732732732735;0.8000628453165542
-0.34762762762762767;0.8000709403114549
-0.3454279279279279;0.8000788250769688
-0.34322822822822824;0.800086567782065
-0.34102852852852855;0.80009421044426
-0.3388288288288288;0.8001017922157434
-0.3366291291291291;0.8001093496894046
-0.3344294294294295;0.8001169171811243
-0.33222972972972975;0.8001245269900683
-0.33003003003003006;0.800132211336986
-0.3278303303303303;0.8001400183766825
-0.3256306306306307;0.8001479645311929
-0.32343093093093095;0.8001560756921
-0.3212312312312312;0.8001643769298087
-0.3190315315315315;0.8001728926353814
-0.31683183183183183;0.8001816466522855
-0.31463213213213215;0.800190662399754
-0.3124324324324324;0.8001999629892852
-0.3102327327327327;0.8002096127750928
-0.30803303303303303;0.8002196128086146
-0.3058333333333334;0.8002299749632117
-0.30363363363363366;0.8002407223685964
-0.3014339339339339;0.8002518784260115
-0.29923423423423423;0.8002634668863838
-0.2970345345345345;0.8002755119260756
-0.2948348348348348;0.800288038220705
-0.29263513513513517;0.8003011094197144
-0.29043543543543543;0.8003147673198989
-0.28823573573573574;0.8003289948642869
-0.286036036036036;0.8003438200936509
-0.2838363363363363;0.8003592719792706
-0.2816366366366367;0.8003753804920024
-0.27943693693693694;0.8003921766720037
-0.27723723723723726;0.8004096926993005
-0.2750375375375375;0.8004279776904113
-0.2728378378378379;0.8004471684414841
-0.27063813813813814;0.8004671976991621
-0.26843843843843845;0.8004881040601232
-0.2662387387387387;0.8005099277382693
-0.264039039039039;0.8005327106509978
-0.26183933933933934;0.8005564965087286
-0.25963963963963965;0.8005813309077259
-0.2574399399399399;0.8006072614262573
-0.2552402402402402;0.8006344915884103
-0.25304054054054054;0.8006629767015738
-0.2508408408408409;0.8006927361876176
-0.24864114114114116;0.8007238285097135
-0.24644144144144145;0.8007563148206003
-0.24424174174174174;0.8007902590978553
-0.24204204204204202;0.8008257282854891
-0.2398423423423423;0.8008627924422199
-0.2376426426426427;0.8009016576675289
-0.23544294294294293;0.8009424375911322
-0.23324324324324322;0.8009850762631943
-0.2310435435435435;0.8010296608123298
-0.22884384384384382;0.8010762826007367
-0.2266441441441442;0.8011250374432003
-0.22444444444444445;0.8011760258372428
-0.2222447447447447;0.8012293532049466
-0.220045045045045;0.8012851916316367
-0.2178453453453453;0.8013439710711462
-0.21564564564564562;0.8014054879775452
-0.21344594594594596;0.8014698748663744
-0.21124624624624622;0.8015372710248404
-0.20904654654654647;0.8016078228780695
-0.20684684684684682;0.8016816843749786
-0.20464714714714716;0.8017590173947475
-0.2024474474474475;0.8018399921748995
-0.20024774774774778;0.8019253198704585
-0.19804804804804807;0.8020148399372921
-0.19584834834834836;0.802108651559145
-0.19364864864864864;0.8022069715093203
-0.19144894894894898;0.802310028234138
-0.18924924924924927;0.8024180625106001
-0.18704954954954955;0.8025313281399159
-0.1848498498498498;0.8026500926784632
-0.1826501501501501;0.8027751259319619
-0.18045045045045044;0.8029068166203015
-0.17825075075075072;0.8030450315770031
-0.17605105105105107;0.80319011522389
-0.17385135135135132;0.8033424313894184
-0.17165165165165158;0.8035023644315966
-0.16945195195195187;0.8036703204213114
-0.1672522522522522;0.8038467283884698
-0.16505255255255255;0.804032304458605
-0.16285285285285284;0.8042286188151119
-0.16065315315315312;0.8044350344739857
-0.1584534534534534;0.8046521088011791
-0.15625375375375378;0.8048804316565656
-0.1540540540540541;0.8051206272726564
-0.15185435435435438;0.8053733562269255
-0.14965465465465466;0.8056393175104121
-0.1474549549549549;0.8059192506952394
-0.14525525525525523;0.80621607474466
-0.14305555555555557;0.8065291742084519
-0.14085585585585583;0.8068591084464097
-0.13865615615615612;0.8072068437704882
-0.13645645645645643;0.8075734032796452
-0.13425675675675672;0.8079598699293798
-0.13205705705705711;0.8083673897160633
-0.12985735735735734;0.8087971749749531
-0.12765765765765758;0.8092526100541391
-0.1254579579579579;0.8097352744515687
-0.12325825825825819;0.8102448800717257
-0.12105855855855857;0.8107830028222058
-0.11885885885885886;0.8113513079265537
-0.11665915915915913;0.8119515539130587
-0.11445945945945947;0.8125855966244049
-0.11225975975975978;0.8132553932289331
-0.11006006006006008;0.8139642873768322
-0.10786036036036041;0.8147188229750416
-0.10566066066066067;0.8155165737278915
-0.10346096096096093;0.8163600276485701
-0.10126126126126124;0.817251796445995
-0.09906156156156154;0.8181946180789091
-0.09686186186186185;0.8191913588385185
-0.09466216216216218;0.8202450148863385
-0.09246246246246247;0.8213587131712189
-0.0902627627627627;0.8225451125034657
-0.08806306306306302;0.8238008095759795
-0.08586336336336334;0.8251281417492736
-0.08366366366366364;0.8265308264733269
-0.08146396396396395;0.8280126917027978
-0.07926426426426422;0.8295776666008187
-0.07706456456456447;0.8312297701947988
-0.0748648648648648;0.8329730978164044
-0.07266516516516515;0.8348205701952593
-0.07046546546546538;0.8367760119443948
-0.06826576576576573;0.8388367998512626
-0.06606606606606602;0.841007082147437
-0.0638663663663663;0.8432909258328485
-0.06166666666666669;0.8456922767314587
-0.05946696696696696;0.8482149154296372
-0.057267267267267205;0.8508624090127268
-0.05506756756756754;0.8536427423958829
-0.05286786786786782;0.8565708779503253
-0.05066816816816821;0.8596333454261744
-0.04846846846846847;0.8628318527713755
-0.04626876876876871;0.866167492180916
-0.04406906906906898;0.8696406615632863
-0.04186936936936929;0.8732509844186915
-0.0396696696696696;0.876997228856679
-0.03746996996996993;0.8808772265215313
-0.035270270270270264;0.884905441187046
-0.03307057057057051;0.8890596497376815
-0.030870870870870818;0.8933314542504429
-0.028671171171171093;0.897713215423316
-0.026471471471471435;0.9021959615742425
-0.02427177177177175;0.9067693622022808
-0.02207207207207203;0.9114217160612428
-0.01987237237237227;0.9161399551017558
-0.017672672672672605;0.9209124434889765
-0.015472972972972997;0.9257175413607188
-0.01327327327327333;0.9305342270289031
-0.0110735735735736;0.9353438250603434
-0.008873873873873835;0.940126812159956
-0.006674174174174106;0.9448629837034996
-0.0044744744744744155;0.9495316379387568
-0.002274774774774722;0.9541117761844975
-7.50750750749935e-05;0.9585769710747756
0.0021246246246247073;0.9628908704005188
0.0043243243243243305;0.9670465603359967
0.006524024024024059;0.9710249110346537
0.008723723723723719;0.9748079100252572
0.010923423423423504;0.9783788700096155
0.013123123123123137;0.9817226196395341
0.015322822822822841;0.9848256746394817
0.017522522522522666;0.9876763867503315
0.019722222222222273;0.9902254156638542
0.021921921921922088;0.9925000930687489
0.02412162162162172;0.9944994956184634
0.026321321321321325;0.9962216842473344
0.0285210210210211;0.9976667758525446
0.03072072072072077;0.9988368694580869
0.03292042042042052;0.9997359497007621
0.03512012012012022;1.000369769697907
0.03731981981981982;1.0007224009380757
0.03951951951951964;1.0008137146501845
0.041719219219219346;1.0006708190408564
0.04391891891891904;1.0003055122652738
0.046118618618618594;0.9997303499287459
0.04831831831831823;0.9989584749808778
0.050518018018018036;0.9980034535516045
0.05271771771771765;0.9968791182287602
0.05491741741741748;0.9955934127002869
0.05711711711711709;0.9941536970405546
0.0593168168168169;0.9925912708851082
0.06151651651651653;0.9909193487396631
0.06371621621621619;0.9891507107815325
0.06591591591591602;0.9872976391081391
0.0681156156156157;0.9853718651904774
0.07031531531531543;0.9833845280126275
0.07251501501501503;0.9813461423484594
0.07471471471471464;0.9792622203323259
0.07691441441441445;0.9771490656192171
0.07911411411411416;0.9750150885230813
0.08131381381381392;0.9728677430586347
0.08351351351351358;0.970713856090907
0.08571321321321325;0.9685596469160096
0.08791291291291299;0.9664107497257703
0.09011261261261269;0.9642722384600735
0.09231231231231242;0.9621506269633276
0.09451201201201202;0.9600501702846767
0.09671171171171171;0.95797322452339
0.09891141141141148;0.9559226459919161
0.10111111111111112;0.9539009080410312
0.10331081081081095;0.9519101290538691
0.10551051051051064;0.949952099640406
0.10771021021021025;0.9480283089290366
0.10990990990991008;0.9461417042580742
0.11210960960960968;0.9442957133640995
0.11430930930930941;0.9424870041389672
0.1165090090090091;0.940715989186026
0.11870870870870887;0.9389829148932873
0.12090840840840851;0.9372878784542027
0.12310810810810818;0.9356308437744332
0.12530780780780792;0.9340116562942835
0.12750750750750764;0.9324300567579964
0.12970720720720746;0.9308913369102614
0.13190690690690707;0.9293893685626133
0.13410660660660667;0.9279234691793825
0.13630630630630636;0.9264930528515438
0.13850600600600593;0.9250974910973132
0.14070570570570576;0.9237361198565355
0.14290540540540544;0.9224082458660068
0.14510510510510508;0.9211131524506113
0.1473048048048049;0.9198532969353512
0.1495045045045045;0.9186262225567325
0.1517042042042043;0.9174294016333293
0.15390390390390396;0.9162620726777648
0.15610360360360356;0.9151234749118787
0.1583033033033033;0.9140128506974912
0.160503003003003;0.9129294476923301
0.16270270270270273;0.9118725207502829
0.16490240240240245;0.9108426098351377
0.16710210210210213;0.9098401873926296
0.1693018018018019;0.9088618057909907
0.17150150150150156;0.9079067730783807
0.17370120120120133;0.9069744113872369
0.17590090090090094;0.9060640574554868
0.17810060060060057;0.9051750630449357
0.1803003003003004;0.90430679526524
0.1825;0.9034586368116175
0.18469969969969982;0.9026329445557969
0.18689939939939945;0.9018259643802695
0.1890990990990991;0.9010371372689652
0.19129879879879894;0.9002659198521851
0.1934984984984986;0.8995117842580208
0.19569819819819834;0.8987742179334541
0.19789789789789794;0.8980527234383624
0.20009759759759768;0.8973468182155425
0.20229729729729737;0.8966575852022642
0.20449699699699708;0.8959836310567779
0.20669669669669682;0.8953237515747274
0.2088963963963965;0.8946775300201822
0.21109609609609628;0.8940445627421083
0.2132957957957959;0.8934244588542717
0.2154954954954956;0.8928168399127521
0.21769519519519534;0.8922213395920919
0.21989489489489494;0.8916382307785674
0.22209459459459477;0.8910676254997698
0.22429429429429437;0.8905079925360291
0.22649399399399398;0.8899590177869023
0.22869369369369374;0.8894203973000927
0.23089339339339343;0.8888918369688145
0.23309309309309317;0.8883730522342265
0.23529279279279286;0.8878637677931667
0.23749249249249246;0.8873637526040946
0.2396921921921922;0.8868740428817719
0.2418918918918919;0.8863929717271538
0.24409159159159163;0.8859203033104506
0.24629129129129132;0.8854558093899451
0.24849099099099098;0.8849992690686437
0.2506906906906907;0.884550468557131
0.2528903903903904;0.8841092009425957
0.25509009009009026;0.883675265963991
0.25728978978978984;0.883249232803719
0.2594894894894896;0.8828304209921232
0.2616891891891892;0.8824183153982512
0.26388888888888884;0.882012743926107
0.2660885885885887;0.8816135398871336
0.2682882882882884;0.8812205418222548
0.2704879879879882;0.8808335933291765
0.2726876876876877;0.880452542894854
0.2748873873873874;0.8800775742108401
0.27708708708708724;0.8797087303822816
0.27928678678678687;0.8793453091737596
0.28148648648648666;0.8789871797821384
0.28368618618618624;0.8786342153749434
0.2858858858858858;0.8782862929603242
0.28808558558558567;0.8779432932610499
0.29028528528528535;0.8776051005924437
0.2924849849849852;0.8772716388345411
0.2946846846846849;0.8769434282260022
0.2968843843843844;0.8766196603131132
0.2990840840840842;0.8763002346627811
0.30128378378378384;0.8759850537670129
0.30348348348348364;0.8756740229488861
0.3056831831831833;0.87536705027147
0.307882882882883;0.8750640464496269
0.31008258258258264;0.8747649247646179
0.31228228228228233;0.8744700240329073
0.3144819819819822;0.8741789745283542
0.31668168168168187;0.8738915336134898
0.31888138138138145;0.8736076254671268
0.32108108108108113;0.8733271763693756
0.3232807807807807;0.8730501146358927
0.32548048048048045;0.8727763705541923
0.3276801801801802;0.8725058763219672
0.3298798798798799;0.8722387622602392
0.33207957957957973;0.8719750461727137
0.33427927927927925;0.8717143652014916
0.336478978978979;0.8714566596876642
0.33867867867867874;0.8712018715456235
0.34087837837837853;0.8709499442154337
0.34307807807807816;0.8707008226166713
0.3452777777777778;0.8704544531036913
0.3474774774774774;0.8702108147151811
0.34967717717717717;0.8699702013065589
0.35187687687687697;0.8697321694167814
0.3540765765765767;0.8694966715429575
0.3562762762762764;0.869263661371728
0.35847597597597614;0.8690330937445525
0.3606756756756757;0.8688049246240422
0.3628753753753755;0.8685791110613078
0.3650750750750751;0.868355611164297
0.3672747747747748;0.8681346473480311
0.3694744744744746;0.8679159916279523
0.3716741741741742;0.8676995161215972
0.37387387387387394;0.8674851834693625
0.3760735735735736;0.8672729571948494
0.37827327327327337;0.8670628016801166
0.38047297297297317;0.8668546821416584
0.38267267267267274;0.8666485646070905
0.3848723723723725;0.8664445454441346
0.3870720720720721;0.8662426295896788
0.3892717717717718;0.8660426071138583
0.3914714714714716;0.8658444475385186
0.39367117117117134;0.8656481210681584
0.3958708708708711;0.8654535985715803
0.3980705705705706;0.8652608515640643
0.40027027027027046;0.8650698521900495
0.40246996996997014;0.864880599900597
0.4046696696696698;0.8646932762733186
0.40686936936936957;0.8645076108998093
0.40906906906906926;0.8643235786468387
0.41126876876876894;0.8641411549144384
0.41346846846846846;0.863960315622174
0.41566816816816815;0.8637810371957932
0.417867867867868;0.863603296554244
0.4200675675675677;0.8634270710970513
0.42226726726726743;0.8632525181231752
0.424466966966967;0.8630794816317682
0.42666666666666664;0.8629078876837971
0.42886636636636644;0.8627377157624175
0.4310660660660661;0.8625689457613732
0.433265765765766;0.8624015579749038
0.4354654654654656;0.8622355330879223
0.4376651651651651;0.8620708521664519
0.439864864864865;0.8619075893089484
0.44206456456456467;0.8617457420999027
0.4442642642642644;0.8615851778094396
0.4464639639639641;0.8614258791630045
0.44866366366366367;0.8612678292138767
0.4508633633633634;0.8611110113354669
0.4530630630630632;0.8609554092138136
0.4552627627627629;0.8608010068402713
0.4574624624624625;0.860647811536983
0.4596621621621623;0.8604959429110914
0.4618618618618619;0.860345222268498
0.4640615615615616;0.8601956349354068
0.46626126126126144;0.8600471665023985
0.4684609609609611;0.8598998028184984
0.47066066066066087;0.8597535299853891
0.47286036036036055;0.8596083343517673
0.4750600600600602;0.8594642025078418
0.4772597597597599;0.8593212519894425
0.4794594594594595;0.8591793675702173
0.4816591591591594;0.8590385035230271
0.4838588588588591;0.8588986474960077
0.4860585585585587;0.8587597873479424
0.4882582582582584;0.8586219111437572
0.49045795795795805;0.8584850071501225
0.49265765765765795;0.8583490638311632
0.4948573573573576;0.8582141400743205
0.49705705705705716;0.8580802291087737
0.4992567567567569;0.8579472413737804
0.5014564564564564;0.8578151662016782
0.5036561561561562;0.8576839930980706
0.5058558558558559;0.8575537117382878
0.5080555555555556;0.8574243119639288
0.5102552552552555;0.8572957837794838
0.5124549549549549;0.857168137507915
0.5146546546546548;0.8570414555029501
0.5168543543543545;0.8569156125689017
0.519054054054054;0.8567905994290617
0.5212537537537539;0.8566664069504831
0.5234534534534535;0.8565430261411743
0.5256531531531532;0.856420448147356
0.527852852852853;0.8562986642507772
0.5300525525525526;0.856177665866089
0.5322522522522525;0.8560575444442425
0.534451951951952;0.8559382101602674
0.5366516516516519;0.8558196334318557
0.5388513513513514;0.8557018062610895
0.5410510510510511;0.8555847207680704
0.5432507507507508;0.855468369188723
0.5454504504504506;0.8553527438726445
0.5476501501501503;0.8552378372809986
0.5498498498498501;0.855123697475133
0.5479504504504504;0.6966948400419914
0.5457507507507506;0.5457059490524758
0.5435510510510511;0.41091918360173507
0.5413513513513514;0.28989233182937607
0.5391516516516515;0.18125145780917104
0.536951951951952;0.08375553474167738
0.5347522522522522;-0.003715820685024516
0.5325525525525526;-0.08195419271653645
0.5303528528528528;-0.15122960824423465
0.5281531531531529;-0.21348207346459497
0.5259534534534533;-0.2694067657621122
0.5237537537537538;-0.31963245066030876
0.5215540540540541;-0.36472749079232253
0.5193543543543544;-0.4052053596717668
0.5171546546546545;-0.44152969367337036
0.5149549549549547;-0.47411891461869193
0.5127552552552553;-0.5029584270681863
0.5105555555555555;-0.5288116157613099
0.5083558558558559;-0.5520443230088955
0.506156156156156;-0.572916590921639
0.5039564564564563;-0.5916635250637851
0.5017567567567567;-0.6084975643636039
0.499557057057057;-0.6236105618788579
0.4973573573573575;-0.6371756895269537
0.49515765765765746;-0.6492482209953123
0.4929579579579578;-0.6600131004853094
0.4907582582582581;-0.6696926819839486
0.4885585585585585;-0.6783945073141618
0.48635885885885893;-0.6862158245414182
0.48415915915915897;-0.6932445223045437
0.48195945945945934;-0.6995599866986224
0.47975975975975954;-0.7052338860104711
0.47756006006006;-0.710314848168993
0.47536036036036033;-0.7148243759998512
0.47316066066066054;-0.718884307181971
0.4709609609609608;-0.722539114876833
0.4687612612612611;-0.7258290234163542
0.4665615615615615;-0.7287903928264449
0.4643618618618618;-0.7314560716488511
0.46216216216216205;-0.7338557202023083
0.45996246246246253;-0.7360161063585788
0.45776276276276273;-0.7379355270009191
0.45556306306306316;-0.7396644048510325
0.45336336336336336;-0.7412253152571123
0.45116366366366356;-0.7426348965829626
0.448963963963964;-0.7439081918621891
0.44676426426426424;-0.7450587940513063
0.4445645645645646;-0.7460989791747522
0.4423648648648646;-0.7470398282018335
0.440165165165165;-0.7478845485647629
0.4379654654654654;-0.748645629697442
0.4357657657657658;-0.7493369708226105
0.4335660660660661;-0.7499654554786539
0.43136636636636616;-0.7505373086747991
0.42916666666666653;-0.751058156682172
0.4269669669669668;-0.7515330818669688
0.4247672672672673;-0.7519666729053995
0.4225675675675675;-0.7523619067689553
0.4203678678678677;-0.7527204118672673
0.41816816816816793;-0.7530498747518616
0.41596846846846836;-0.7533531449797005
0.4137687687687687;-0.7536328003369325
0.4115690690690691;-0.7538911714487012
0.40936936936936924;-0.7541303643595751
0.40716966966966944;-0.7543522812218081
0.40496996996996987;-0.754558639224418
0.40277027027027007;-0.7547492534943125
0.4005705705705706;-0.7549274860993367
0.39837087087087064;-0.7550947367708408
0.396171171171171;-0.7552520752400076
0.3939714714714714;-0.7554004692743234
0.39177177177177164;-0.7555407939774066
0.38957207207207206;-0.7556738403139052
0.3873723723723722;-0.755800322913292
0.3851726726726726;-0.7559204155478628
0.3829729729729728;-0.7560349713443179
0.38077327327327315;-0.7561448768357066
0.37857357357357346;-0.7562505788209395
0.3763738738738736;-0.756352482122271
0.37417417417417403;-0.7564509534185262
0.37197447447447435;-0.7565463247611885
0.3697747747747748;-0.7566388967951222
0.3675750750750752;-0.7567288535351632
0.3653753753753751;-0.7568163150696662
0.36317567567567566;-0.7569017889629464
0.36097597597597597;-0.7569854655769127
0.3587762762762763;-0.7570675181171037
0.3565765765765766;-0.7571481042176791
0.3543768768768767;-0.7572273673968628
0.3521771771771771;-0.7573054383916407
0.3499774774774774;-0.7573824363802483
0.3477777777777779;-0.7574583481637011
0.3455780780780781;-0.757533416275288
0.3433783783783782;-0.7576077380204114
0.3411786786786785;-0.7576813926370656
0.3389789789789789;-0.7577544531953455
0.3367792792792793;-0.7578269872077449
0.33457957957957957;-0.7578990571904198
0.33237987987987977;-0.7579707211788833
0.33018018018018;-0.758042005904676
0.3279804804804804;-0.7581129846788153
0.32578078078078077;-0.7581837249215235
0.3235810810810812;-0.7582542696934934
0.3213813813813812;-0.7583246598911779
0.3191816816816815;-0.7583949345143217
0.31698198198198185;-0.7584651309140631
0.3147822822822821;-0.75853528502303
0.3125825825825824;-0.7586054330457913
0.3103828828828827;-0.7586756189328662
0.3081831831831831;-0.7587458758634794
0.30598348348348337;-0.7588162358741225
0.3037837837837837;-0.7588867306691542
0.3015840840840838;-0.7589573917552818
0.2993843843843842;-0.759028250569107
0.2971846846846846;-0.7590993385983537
0.2949849849849848;-0.7591706874973728
0.29278528528528525;-0.7592423798590117
0.2905855855855852;-0.7593144121860045
0.2883858858858857;-0.7593868153953199
0.2861861861861861;-0.7594596234584595
0.2839864864864864;-0.7595328711333507
0.28178678678678676;-0.7596065940556099
0.27958708708708674;-0.7596808288289202
0.27738738738738716;-0.7597556131148334
0.27518768768768775;-0.7598310490893722
0.272987987987988;-0.7599071643588968
0.2707882882882884;-0.7599839661779242
0.26858858858858836;-0.760061498495978
0.26638888888888873;-0.760139806890362
0.2641891891891891;-0.7602189386641964
0.26198948948948947;-0.7602989429469047
0.2597897897897899;-0.7603798707973954
0.2575900900900899;-0.7604618249353283
0.2553903903903903;-0.7605449411287937
0.25319069069069056;-0.7606291701472399
0.250990990990991;-0.7607145737270729
0.24879129129129135;-0.7608012162652591
0.2465915915915914;-0.7608891649562959
0.24439189189189175;-0.7609784899349367
0.242192192192192;-0.7610692644249826
0.23999249249249244;-0.7611615648944505
0.2377927927927928;-0.7612557367740951
0.23559309309309298;-0.761351638176595
0.2333933933933932;-0.7614493527989318
0.23119369369369355;-0.7615489749397677
0.2289939939939939;-0.7616506033049321
0.2267942942942942;-0.7617543412323731
0.2245945945945945;-0.7618602969281396
0.2223948948948947;-0.7619685837138991
0.22019519519519515;-0.7620795890992196
0.21799549549549535;-0.7621933549842984
0.21579579579579572;-0.7623098797831097
0.21359609609609587;-0.7624293049763204
0.21139639639639626;-0.7625517790462526
0.2091966966966966;-0.7626774578475125
0.20699699699699686;-0.762806504996961
0.20479729729729726;-0.7629390922839051
0.20259759759759727;-0.7630756036265756
0.2003978978978978;-0.7632164985884448
0.1981981981981981;-0.7633615851006464
0.19599849849849843;-0.7635110801272115
0.19379879879879872;-0.7636652119502277
0.19159909909909878;-0.7638242207933951
0.1893993993993992;-0.7639883594790138
0.18719969969969955;-0.7641578941198754
0.185;-0.7643331048475529
0.1828003003003004;-0.7645152998830979
0.18060060060060043;-0.7647039040695673
0.17840090090090077;-0.7648992572493886
0.17620120120120117;-0.7651017178594689
0.17400150150150157;-0.7653116639851218
0.1718018018018019;-0.7655294944699861
0.1696021021021019;-0.7657556300841694
0.16740240240240234;-0.7659905147528714
0.16520270270270251;-0.7662356714028096
0.16300300300300308;-0.7664912173728013
0.1608033033033031;-0.7667572182475367
0.15860360360360348;-0.7670342473266851
0.1564039039039038;-0.7673229104620548
0.15420420420420405;-0.7676238478947349
0.15200450450450445;-0.7679377361812865
0.1498048048048046;-0.7682652902114224
0.147605105105105;-0.7686081196888017
0.14540540540540525;-0.7689679755237567
0.14320570570570562;-0.7693442474194879
0.1410060060060059;-0.7697378631804725
0.13880630630630608;-0.7701498039603475
0.1366066066066065;-0.7705811071142922
0.1344069069069068;-0.7710328691585174
0.13220720720720716;-0.7715062488358555
0.13000750750750734;-0.772002566746329
0.12780780780780754;-0.7725270510119429
0.1256081081081079;-0.7730775981337005
0.12340840840840832;-0.7736557065315276
0.12120870870870862;-0.7742629582272059
0.11900900900900893;-0.7749010225817305
0.11680930930930905;-0.775571660058717
0.11460960960960931;-0.7762767259963274
0.1124099099099099;-0.7770181743691403
0.11021021021021009;-0.7778026377687969
0.10801051051051047;-0.7786304120879893
0.10581081081081051;-0.7795020127168212
0.10361111111111085;-0.7804199083754357
0.10141141141141123;-0.7813866867556852
0.09921171171171163;-0.7824050566927501
0.09701201201201204;-0.7834778498588193
0.09481231231231223;-0.7846080219088132
0.09261261261261242;-0.7858024794452281
0.09041291291291281;-0.7870678536583686
0.0882132132132132;-0.7884015566655066
0.08601351351351359;-0.7898071123895698
0.08381381381381367;-0.7912881536227551
0.08161411411411397;-0.7928484141779413
0.07941441441441432;-0.7944917191915968
0.07721471471471461;-0.7962219734202884
0.07501501501501516;-0.79804390418271
0.07281531531531515;-0.7999759511754106
0.07061561561561552;-0.8020084980880449
0.06841591591591578;-0.804145564109441
0.06621621621621612;-0.806391110255792
0.06401651651651652;-0.8087490035275995
0.06181681681681665;-0.8112229771781643
0.059617117117117056;-0.8138165869948526
0.05741741741741725;-0.8165331635060086
0.055217717717717704;-0.8193905904626839
0.05301801801801792;-0.8223830254977907
0.05081831831831818;-0.8255069301127248
0.048618618618618395;-0.8287637120483465
0.04641891891891869;-0.8321541565539848
0.04421921921921921;-0.8356783497025543
0.04201951951951958;-0.8393356002275948
0.039819819819819635;-0.8431243605660604
0.03762012012011993;-0.8470499990218678
0.03542042042042023;-0.8511115612472109
0.033220720720720597;-0.8552914157131252
0.031021021021020882;-0.8595829156997632
0.028821321321321158;-0.8639781390092097
0.02662162162162139;-0.8684678512885787
0.024421921921921858;-0.8730414822131615
0.022222222222222;-0.8776871159035163
0.02002252252252226;-0.8823919815556561
0.017822822822822642;-0.8871436935156419
0.015623123123122959;-0.8919170537560254
0.013423423423423321;-0.8966943465394037
0.011223723723723603;-0.9014569048662536
0.009024024024023646;-0.9061852578936256
0.006824324324324096;-0.9108592972081607
0.004624624624624628;-0.9154584605525459
0.0024249249249248418;-0.9199619314678202
0.00022522522522522553;-0.924331815474747
-0.0019744744744747047;-0.9285523359027789
-0.004174174174174339;-0.9326085793181675
-0.006373873873873882;-0.9364818415135917
-0.008573573573573582;-0.9401545664474177
-0.010773273273273312;-0.9436105508847427
-0.012972972972973087;-0.9468351322842358
-0.015172672672673046;-0.949815357227083
-0.01737237237237245;-0.9525222445447135
-0.019572072072072053;-0.9549387928476651
-0.02177177177177173;-0.9570827018022723
-0.023971471471471682;-0.9589505081379083
-0.026171171171171386;-0.9605408447766791
-0.02837087087087105;-0.9618543891794925
-0.03057057057057061;-0.9628937870324951
-0.03277027027027008;-0.9636635531467169
-0.03496996996997034;-0.9641659444170403
-0.037169669669669746;-0.9643788187158195
-0.03936936936936958;-0.96434978660769
-0.041569069069069195;-0.9640900828894334
-0.04376876876876876;-0.9636118423955918
-0.04596846846846865;-0.9629279250158401
-0.04816816816816835;-0.9620517450060061
-0.050367867867868066;-0.9609971062662707
-0.05256756756756776;-0.9597780451703476
-0.05476726726726737;-0.9583925470030906
-0.05696696696696704;-0.9568706783801847
-0.0591666666666669;-0.9552313452332032
-0.06136636636636653;-0.9534877940017247
-0.06356606606606618;-0.951652811592115
-0.06576576576576594;-0.9497386627498939
-0.06796546546546571;-0.9477570387754396
-0.07016516516516533;-0.9457190170772172
-0.07236486486486503;-0.9436326246738513
-0.07456456456456464;-0.9415094687840055
-0.0767642642642644;-0.939362105815133
-0.07896396396396432;-0.9371984995782067
-0.08116366366366383;-0.9350259615686263
-0.08336336336336346;-0.9328511684355593
-0.08556306306306331;-0.9306801828633376
-0.08776276276276275;-0.9285184773338904
-0.08996246246246269;-0.9263713422883614
-0.0921621621621623;-0.9242462124104422
-0.09436186186186182;-0.9221446578657074
-0.09656156156156162;-0.9200697851473452
-0.09876126126126124;-0.9180242903894885
-0.10096096096096115;-0.9160104886866569
-0.10316066066066097;-0.9140303426795006
-0.10536036036036041;-0.9120854902890535
-0.10756006006006003;-0.9101772714908791
-0.10975975975975971;-0.9083116467698039
-0.11195945945945968;-0.9064859284371397
-0.11415915915915938;-0.9046993898406112
-0.11635885885885902;-0.9029523200305848
-0.11855855855855853;-0.901244846429322
-0.12075825825825838;-0.8995769519471225
-0.12295795795795826;-0.8979484909518965
-0.1251576576576577;-0.8963592041229624
-0.12735735735735762;-0.8948116021283284
-0.12955705705705714;-0.8933053872031536
-0.13175675675675697;-0.891836778833577
-0.13395645645645665;-0.890405160425787
-0.13615615615615628;-0.8890098692563164
-0.13835585585585597;-0.8876502040336256
-0.14055555555555574;-0.8863254317940568
-0.14275525525525556;-0.8850347941690346
-0.14495495495495497;-0.8837782812052165
-0.14715465465465496;-0.8825585111904595
-0.14935435435435446;-0.8813701987157985
-0.15155405405405423;-0.8802125359822549
-0.15375375375375408;-0.8790847160455014
-0.15595345345345363;-0.8779859354293525
-0.15815315315315331;-0.8769153964436157
-0.160352852852853;-0.8758723092266744
-0.16255255255255263;-0.8748558935326591
-0.16475225225225265;-0.8738686274104996
-0.16695195195195228;-0.872906944721703
-0.16915165165165175;-0.8719693995913745
-0.17135135135135146;-0.8710552748583161
-0.17355105105105118;-0.8701638691690871
-0.17575075075075106;-0.8692944974133926
-0.17795045045045085;-0.8684464910586807
-0.18015015015015026;-0.8676191983926054
-0.18234984984984967;-0.8668135099659353
-0.18454954954954964;-0.8660286416694938
-0.1867492492492494;-0.8652624218876055
-0.18894894894894915;-0.8645142785726857
-0.19114864864864883;-0.8637836563434869
-0.19334834834834838;-0.8630700162798591
-0.195548048048048;-0.8623728356892669
-0.19774774774774795;-0.8616916078483298
-0.19994744744744755;-0.8610262535892859
-0.20214714714714735;-0.8603777270294863
-0.20434684684684698;-0.8597435629572975
-0.20654654654654644;-0.8591233252163548
-0.20874624624624644;-0.8585165916330266
-0.21094594594594618;-0.8579229536646927
-0.21314564564564573;-0.8573420160461603
-0.21534534534534558;-0.8567733964351997
-0.217545045045045;-0.856216725058138
-0.21974474474474492;-0.8556731402695138
-0.22194444444444464;-0.8551409508171985
-0.22414414414414427;-0.8546195564345498
-0.22634384384384398;-0.8541086412167619
-0.2285435435435437;-0.8536078997053173
-0.2307432432432435;-0.8531170365653933
-0.232942942942943;-0.8526357662693705
-0.23514264264264287;-0.8521638127866784
-0.23734234234234236;-0.8517016332382586
-0.23954204204204224;-0.8512488306730573
-0.241741741741742;-0.8508044836189177
-0.24394144144144153;-0.85036835636232
-0.24614114114114125;-0.8499402209319686
-0.248340840840841;-0.849519856844004
-0.25054054054054087;-0.8491070508539206
-0.25274024024024055;-0.8487015967151422
-0.25493993993994024;-0.8483035136965598
-0.25713963963963965;-0.8479132237260465
-0.2593393393393395;-0.8475296405788003
-0.2615390390390393;-0.8471525876281305
-0.26373873873873904;-0.8467818939104196
-0.2659384384384388;-0.8464173939354573
-0.26813813813813836;-0.846058927502231
-0.27033783783783816;-0.8457063395202767
-0.2725375375375379;-0.8453594798367648
-0.2747372372372373;-0.8450189494276125
-0.27693693693693716;-0.8446839207483245
-0.2791366366366367;-0.8443541504659402
-0.2813363363363365;-0.8440295092630317
-0.28353603603603644;-0.8437098718162447
-0.2857357357357359;-0.8433951166628714
-0.28793543543543554;-0.8430851260717539
-0.29013513513513534;-0.8427797859182369
-0.29233483483483497;-0.8424793684128298
-0.2945345345345349;-0.8421836669199741
-0.2967342342342345;-0.8418922573367544
-0.2989339339339341;-0.8416050407944874
-0.30113363363363377;-0.8413219213507941
-0.3033333333333335;-0.8410428058935315
-0.3055330330330333;-0.840767604048041
-0.3077327327327332;-0.8404962280876
-0.3099324324324326;-0.8402287223262336
-0.31213213213213226;-0.8399653023762144
-0.31433183183183194;-0.8397054315965329
-0.31653153153153185;-0.839449033500574
-0.3187312312312316;-0.8391960337604271
-0.3209309309309312;-0.8389463601386918
-0.3231306306306308;-0.8386999424217615
-0.32533033033033026;-0.8384567123551274
-0.3275300300300305;-0.8382166035814272
-0.3297297297297299;-0.8379799745644777
-0.33192942942942977;-0.8377463651875986
-0.3341291291291294;-0.837515667385253
-0.3363288288288289;-0.8372878228616325
-0.3385285285285288;-0.8370627748793907
-0.3407282282282285;-0.8368404682111289
-0.34292792792792814;-0.8366208490927945
-0.34512762762762794;-0.8364038651795759
-0.3473273273273276;-0.8361896946388705
-0.3495270270270272;-0.8359782139734009
-0.3517267267267271;-0.8357692023977422
-0.3539264264264267;-0.8355626136229511
-0.3561261261261264;-0.8353584025335146
-0.3583258258258261;-0.835156525152165
-0.36052552552552575;-0.8349569386064382
-0.3627252252252253;-0.8347596010965169
-0.36492492492492523;-0.8345645572195315
-0.36712462462462464;-0.834371928951716
-0.36932432432432455;-0.8341814165408606
-0.37152402402402435;-0.8339929827840512
-0.37372372372372387;-0.8338065913719738
-0.37592342342342355;-0.8336222068627105
-0.37812312312312324;-0.8334397946573875
-0.3803228228228229;-0.8332593209766237
-0.3825225225225229;-0.8330807528362929
-0.3847222222222225;-0.8329043257906031
-0.38692192192192193;-0.8327297513860434
-0.3891216216216218;-0.8325569772227853
-0.3913213213213214;-0.8323859737365985
-0.3935210210210213;-0.8322167120326125
-0.39572072072072106;-0.8320491638660863
-0.3979204204204206;-0.8318833016243755
-0.4001201201201202;-0.8317190983113831
-0.4023198198198201;-0.8315566792346303
-0.40451951951951975;-0.8313959605206211
-0.40671921921921955;-0.8312368142359735
-0.4089189189189192;-0.8310792160404029
-0.4111186186186187;-0.8309231421158526
-0.41331831831831856;-0.8307685691513761
-0.41551801801801846;-0.8306154743297295
-0.4177177177177179;-0.830463835315769
-0.4199174174174178;-0.8303136914408511
-0.42211711711711725;-0.8301651164721698
-0.42431681681681716;-0.830017925501397
-0.42651651651651684;-0.8298720982803728
-0.4287162162162165;-0.8297276149713028
-0.43091591591591616;-0.8295844561358573
-0.4331156156156159;-0.829442602726111
-0.43531531531531575;-0.8293020360755651
-0.43751501501501516;-0.8291627378879097
-0.43971471471471507;-0.8290248744786495
-0.4419144144144146;-0.8288882474833195
-0.4441141141141144;-0.8287528300303196
-0.44631381381381424;-0.8286186054375188
-0.44851351351351376;-0.8284855573396245
-0.4507132132132134;-0.8283536696821013
-0.4529129129129131;-0.8282229267163674
-0.4551126126126126;-0.8280933129927854
-0.45731231231231273;-0.8279649215239834
-0.45951201201201225;-0.8278376897550379
-0.46171171171171177;-0.8277115373141974
-0.4639114114114115;-0.8275864500458009
-0.46611111111111125;-0.8274624140486251
-0.46831081081081105;-0.8273394156737409
-0.47051051051051074;-0.8272174415179055
-0.4727102102102105;-0.8270964784142941
-0.47490990990990994;-0.826976560035028
-0.47710960960960985;-0.826857732780424
-0.4793093093093095;-0.8267398739470375
-0.48150900900900934;-0.8266229714179972
-0.483708708708709;-0.8265070132872572
-0.4859084084084085;-0.8263919878559974
-0.4881081081081082;-0.8262778836260121
-0.49030780780780814;-0.8261646892924821
-0.4925075075075079;-0.8260523937385614
-0.49470720720720757;-0.8259411206513019
-0.4969069069069071;-0.8258307242539462
-0.4991066066066066;-0.8257211906058468
-0.5013063063063066;-0.8256125094316725
-0.5035060060060063;-0.8255046706292742
-0.5057057057057059;-0.8253976642590357
-0.5079054054054057;-0.8252914805372142
-0.5101051051051053;-0.825186109844907
-0.512304804804805;-0.8250816240487108
-0.5145045045045047;-0.8249779734869913
-0.5167042042042044;-0.8248751046882374
-0.5189039039039042;-0.8247730087242813
-0.5211036036036039;-0.8246716768075669
-0.5233033033033037;-0.8245711002919768
-0.5255030030030031;-0.8244712706649004
-0.5277027027027031;-0.8243721795367639
-0.5299024024024025;-0.824273855660897
-0.5321021021021026;-0.8241763287773889
-0.5343018018018022;-0.8240795130860284
-0.5365015015015018;-0.8239834007808803
-0.5387012012012015;-0.823887984177482
-0.5409009009009011;-0.8237932557056894
-0.543100600600601;-0.8236992079013847
-0.5453003003003007;-0.8236058334075894
-0.5475000000000001;-0.8235131249973386
